{"RootCFrame":[257.7470703125,91.80376434326172,609.0950927734375,-0.0012784100836142898,0.0025632185861468317,-0.9999958276748657,-0.0019298774423077703,0.9999948740005493,0.002565615577623248,0.9999973773956299,0.0019331525545567275,-0.0012734784977510572],"ModelName":"1","Items":[{"TranslationKey":"props.aaTurret","PropName":"AATurret","RelativeCFrame":[-122.0625,16.50780487060547,9.8984375,0.059633996337652209,0.000122026503959205,0.9982204437255859,-0.0000035744581055041637,1,-0.0001220243502757512,-0.9982201457023621,0.0000035744233173318209,0.05963394418358803]},{"TranslationKey":"props.aaTurret","PropName":"AATurret","RelativeCFrame":[-122.56246948242188,16.49999237060547,-9.8671875,-0.059634074568748477,0.000122026503959205,0.9982204437255859,0.0000037085860640218017,1,-0.00012201643403386697,-0.9982201457023621,-0.000003708996700879652,-0.05963410064578056]},{"TranslationKey":"props.aaTurret","PropName":"AATurret","RelativeCFrame":[-76.25,16.5,-10.359375,-0.03832438215613365,0.000007022321369731799,-0.9992654323577881,0.0003660988004412502,1,-0.000007019478289294057,0.9992650747299194,-0.00036623328924179077,-0.03832433000206947]},{"TranslationKey":"props.aaTurret","PropName":"AATurret","RelativeCFrame":[-75.7578125,16.5,10.3359375,0.037965040653944018,3.0791782457129104e-9,-0.9992792010307312,-6.710137512300207e-8,1,-5.569181560360903e-9,0.9992789030075073,-6.727781709514602e-8,0.0379650741815567]},{"TranslationKey":"props.blacksteelArmour","PropName":"BlacksteelArmour","RelativeCFrame":[-100.89840698242188,29.6953125,0,-2.1805879768521664e-8,3.0791782457129104e-9,-1.0000001192092896,-6.727781709514602e-8,1,-3.0791782457129104e-9,0.9999998211860657,-6.727781709514602e-8,2.1805879768521664e-8]},{"TranslationKey":"props.blacksteelArmour","PropName":"BlacksteelArmour","RelativeCFrame":[-93.99993896484375,19.203125,-11,1.0000001192092896,-3.0791782457129104e-9,2.1805879768521664e-8,3.0791782457129104e-9,-1,6.727781709514602e-8,-2.1805879768521664e-8,6.727781709514602e-8,-0.9999998211860657]},{"TranslationKey":"props.blacksteelArmour","PropName":"BlacksteelArmour","RelativeCFrame":[-93.99993896484375,19.203125,11.000015258789063,1.0000001192092896,-3.0791782457129104e-9,2.1805879768521664e-8,3.0791782457129104e-9,-1,6.727781709514602e-8,-2.1805879768521664e-8,6.727781709514602e-8,-0.9999998211860657]},{"TranslationKey":"props.blacksteelArmour","PropName":"BlacksteelArmour","RelativeCFrame":[-117.8984375,26.6953125,0,2.1805879768521664e-8,3.0791782457129104e-9,1.0000001192092896,6.727781709514602e-8,1,3.0791782457129104e-9,-0.9999998211860657,-6.727781709514602e-8,-2.1805879768521664e-8]},{"TranslationKey":"props.blacksteelArmour","PropName":"BlacksteelArmour","RelativeCFrame":[-103,19.203125,3.5937652587890627,1.0000001192092896,3.0791782457129104e-9,-2.1805879768521664e-8,3.0791782457129104e-9,1,-6.727781709514602e-8,-2.1805879768521664e-8,-6.727781709514602e-8,0.9999998211860657]},{"TranslationKey":"props.blacksteelArmour","PropName":"BlacksteelArmour","RelativeCFrame":[-103.10153198242188,21.53905487060547,-0.992218017578125,0.00008108402835205197,-1.0000001192092896,-0.00008105926099233329,0.000081129495811183,-0.00008106527820928022,1.0000001192092896,-0.9999998807907105,-0.00008104055450530723,0.00008099501428660005]},{"TranslationKey":"props.blacksteelArmour","PropName":"BlacksteelArmour","RelativeCFrame":[-103.10153198242188,21.5390625,0.992218017578125,0.00008108402835205197,-1.0000001192092896,-0.00008105926099233329,0.000081129495811183,-0.00008106527820928022,1.0000001192092896,-0.9999998807907105,-0.00008104055450530723,0.00008099501428660005]},{"TranslationKey":"props.blacksteelArmour","PropName":"BlacksteelArmour","RelativeCFrame":[-100.32809448242188,29.69530487060547,2.1015625,-0.38268738985061648,3.0791782457129104e-9,-0.9238780736923218,-6.318106215985608e-8,1,2.2971475388544606e-8,0.9238777756690979,-6.727781709514602e-8,-0.3826872408390045]},{"TranslationKey":"props.blacksteelArmour","PropName":"BlacksteelArmour","RelativeCFrame":[-107.8984375,26.69530487060547,0,2.1805879768521664e-8,3.0791782457129104e-9,1.0000001192092896,6.727781709514602e-8,1,3.0791782457129104e-9,-0.9999998211860657,-6.727781709514602e-8,-2.1805879768521664e-8]},{"TranslationKey":"props.blacksteelArmour","PropName":"BlacksteelArmour","RelativeCFrame":[-133.203125,23.60155487060547,0,2.1805879768521664e-8,-3.0791782457129104e-9,-1.0000001192092896,6.727781709514602e-8,-1,-3.0791782457129104e-9,-0.9999998211860657,6.727781709514602e-8,2.1805879768521664e-8]},{"TranslationKey":"props.blacksteelArmour","PropName":"BlacksteelArmour","RelativeCFrame":[-104.79684448242188,19.1953125,0,-1.0000001192092896,-3.0791782457129104e-9,-2.1805879768521664e-8,-3.0791782457129104e-9,-1,-6.727781709514602e-8,2.1805879768521664e-8,6.727781709514602e-8,0.9999998211860657]},{"TranslationKey":"props.blacksteelArmour","PropName":"BlacksteelArmour","RelativeCFrame":[-65.30462646484375,29.04686737060547,0.000030517578125,-2.1805879768521664e-8,-3.0791782457129104e-9,1.0000001192092896,-6.727781709514602e-8,-1,3.0791782457129104e-9,0.9999998211860657,6.727781709514602e-8,-2.1805879768521664e-8]},{"TranslationKey":"props.blacksteelArmour","PropName":"BlacksteelArmour","RelativeCFrame":[-103,19.203125,-3.59375,1.0000001192092896,3.0791782457129104e-9,-2.1805879768521664e-8,3.0791782457129104e-9,1,-6.727781709514602e-8,-2.1805879768521664e-8,-6.727781709514602e-8,0.9999998211860657]},{"TranslationKey":"props.blacksteelArmour","PropName":"BlacksteelArmour","RelativeCFrame":[-129.20309448242188,23.60155487060547,-0.750030517578125,-1.0000001192092896,-3.0791782457129104e-9,-2.1805879768521664e-8,-3.0791782457129104e-9,-1,-6.727781709514602e-8,2.1805879768521664e-8,6.727781709514602e-8,0.9999998211860657]},{"TranslationKey":"props.blacksteelArmour","PropName":"BlacksteelArmour","RelativeCFrame":[-100.328125,29.69530487060547,-2.1015625,0.3826873004436493,3.0791782457129104e-9,-0.923878014087677,-6.095166327213519e-8,1,-2.857562364511068e-8,0.9238777756690979,-6.727781709514602e-8,0.3826872408390045]},{"TranslationKey":"props.blacksteelArmourPlate","PropName":"BlacksteelArmourPlate","RelativeCFrame":[-98.91403198242188,19.203125,-3.921844482421875,-1.0000001192092896,-3.0791782457129104e-9,-2.1805879768521664e-8,-3.0791782457129104e-9,-1,-6.727781709514602e-8,2.1805879768521664e-8,6.727781709514602e-8,0.9999998211860657]},{"TranslationKey":"props.blacksteelArmourPlate","PropName":"BlacksteelArmourPlate","RelativeCFrame":[-10.5,10.499992370605469,-0.000030517578125,0.00000945542433328228,-0.9238848090171814,-0.38267096877098086,0.000006310337539616739,0.38267090916633608,-0.9238848090171814,0.9999998807907105,0.000006372100415319437,0.000009547706213197671]},{"TranslationKey":"props.blacksteelArmourPlate","PropName":"BlacksteelArmourPlate","RelativeCFrame":[-89.734375,19.203125,4.9921875,-1.0000001192092896,-3.0791782457129104e-9,-2.1805879768521664e-8,-3.0791782457129104e-9,-1,-6.727781709514602e-8,2.1805879768521664e-8,6.727781709514602e-8,0.9999998211860657]},{"TranslationKey":"props.blacksteelArmourPlate","PropName":"BlacksteelArmourPlate","RelativeCFrame":[-89.734375,19.203125,-4.992156982421875,-1.0000001192092896,-3.0791782457129104e-9,-2.1805879768521664e-8,-3.0791782457129104e-9,-1,-6.727781709514602e-8,2.1805879768521664e-8,6.727781709514602e-8,0.9999998211860657]},{"TranslationKey":"props.blacksteelArmourPlate","PropName":"BlacksteelArmourPlate","RelativeCFrame":[-98.9140625,19.203125,3.9218597412109377,-1.0000001192092896,-3.0791782457129104e-9,-2.1805879768521664e-8,-3.0791782457129104e-9,-1,-6.727781709514602e-8,2.1805879768521664e-8,6.727781709514602e-8,0.9999998211860657]},{"TranslationKey":"props.cleanSteelBeam","PropName":"CleanSteelBeam","RelativeCFrame":[-90.71875,26.8125,4.0624847412109379,0.90619295835495,-0.38258638978004458,0.1801171898841858,-0.37522172927856448,-0.9239199161529541,-0.07470598816871643,0.19499529898166657,0.00011429905862314627,-0.9808042049407959]},{"TranslationKey":"props.cleanSteelBeam","PropName":"CleanSteelBeam","RelativeCFrame":[-126.953125,18.39842987060547,0,3.0791782457129104e-9,-2.1805879768521664e-8,1.0000001192092896,1,-6.727781709514602e-8,3.0791782457129104e-9,-6.727781709514602e-8,0.9999998211860657,-2.1805879768521664e-8]},{"TranslationKey":"props.cleanSteelBeam","PropName":"CleanSteelBeam","RelativeCFrame":[-90.71875,26.8046875,-4.0703125,0.90619295835495,-0.38258635997772219,-0.1801171600818634,-0.37522169947624209,-0.9239199757575989,0.07470611482858658,-0.19499528408050538,-0.00011415804328862578,-0.9808042049407959]},{"TranslationKey":"props.flyingWerewolfCrate","PropName":"Flying Werewolf Crate","RelativeCFrame":[-71.99993896484375,3.9999923706054689,0,-2.1805879768521664e-8,3.0791782457129104e-9,-1.0000001192092896,-6.727781709514602e-8,1,-3.0791782457129104e-9,0.9999998211860657,-6.727781709514602e-8,2.1805879768521664e-8]},{"TranslationKey":"props.flyingWerewolfCrate","PropName":"Flying Werewolf Crate","RelativeCFrame":[-113,4,0,-2.1805879768521664e-8,3.0791782457129104e-9,-1.0000001192092896,-6.727781709514602e-8,1,-3.0791782457129104e-9,0.9999998211860657,-6.727781709514602e-8,2.1805879768521664e-8]},{"TranslationKey":"props.flyingWerewolfCrate","PropName":"Flying Werewolf Crate","RelativeCFrame":[-121.99996948242188,4,0,-2.1805879768521664e-8,3.0791782457129104e-9,-1.0000001192092896,-6.727781709514602e-8,1,-3.0791782457129104e-9,0.9999998211860657,-6.727781709514602e-8,2.1805879768521664e-8]},{"TranslationKey":"props.industrialSpotlight","PropName":"Industrial Spotlight","RelativeCFrame":[22.03125,14.921882629394532,2.90625,0.8982883095741272,0.21020177006721497,-0.385867178440094,-0.3759412467479706,-0.08696240931749344,-0.9225540161132813,-0.22747834026813508,0.9737825989723206,0.0009062993340194225]},{"TranslationKey":"props.industrialSpotlight","PropName":"Industrial Spotlight","RelativeCFrame":[24.453125,16.078125,2.4921875,0.8057948350906372,0.20988374948501588,-0.5537543296813965,-0.5487462282180786,-0.08693356066942215,-0.8314568400382996,-0.22264894843101502,0.9738538265228272,0.04512238875031471]},{"TranslationKey":"props.industrialSpotlight","PropName":"Industrial Spotlight","RelativeCFrame":[22.03125,14.921882629394532,2.90625,0.9081510305404663,0.20965822041034699,0.3623609244823456,0.3864475190639496,-0.08696026355028153,-0.9182029962539673,-0.16099779307842256,0.9739000797271729,-0.15999488532543183]},{"TranslationKey":"props.industrialSpotlight","PropName":"Industrial Spotlight","RelativeCFrame":[24.453125,16.078125,2.4921875,0.17815759778022767,0.20987115800380708,-0.9613605737686157,-0.9759505987167358,-0.08703763782978058,-0.19986224174499513,-0.1256197839975357,0.9738471508026123,0.1893174797296524]},{"TranslationKey":"props.ironWeight","PropName":"Iron Weight","RelativeCFrame":[-81.3046875,31.8984375,-6.4921875,-0.38269954919815066,0.6532776951789856,0.6532760262489319,-0.000021789237507618965,-0.7071123719215393,0.7071012854576111,0.923872709274292,0.2705931067466736,0.2706255316734314]},{"TranslationKey":"props.ironWeight","PropName":"Iron Weight","RelativeCFrame":[-102.99996948242188,26.84374237060547,5.59375,0.4999595880508423,0.5000405311584473,0.7071068286895752,0.5000406503677368,0.49995943903923037,-0.7071067690849304,-0.7071067094802856,0.7071066498756409,-0.00008103009167825803]},{"TranslationKey":"props.ironWeight","PropName":"Iron Weight","RelativeCFrame":[-102.99996948242188,26.84374237060547,-5.59375,0.4999595880508423,0.5000405311584473,0.7071068286895752,0.5000406503677368,0.49995943903923037,-0.7071067690849304,-0.7071067094802856,0.7071066498756409,-0.00008103009167825803]},{"TranslationKey":"props.ironWeight","PropName":"Iron Weight","RelativeCFrame":[-81.3046875,31.89842987060547,6.4921875,0.38269948959350588,0.6532776355743408,0.6532760262489319,0.000021664754967787304,-0.7071123123168945,0.7071012854576111,0.923872709274292,-0.2705930173397064,-0.2706257402896881]},{"TranslationKey":"props.lantern","PropName":"Lantern","RelativeCFrame":[-67.3046875,30.546875,0,-0.7071343064308167,-3.0791782457129104e-9,-0.7070793509483337,4.535146302941939e-8,-1,-4.981258427960711e-8,-0.7070791125297546,6.727781709514602e-8,0.7071341872215271]},{"TranslationKey":"props.largeCleanSteelBeam","PropName":"LargeCleanSteelBeam","RelativeCFrame":[-84.9453125,35.34375,0,-3.0791782457129104e-9,2.1805879768521664e-8,1.0000001192092896,-1,6.727781709514602e-8,3.0791782457129104e-9,6.727781709514602e-8,-0.9999998211860657,-2.1805879768521664e-8]},{"TranslationKey":"props.largeCleanSteelBeam","PropName":"LargeCleanSteelBeam","RelativeCFrame":[-99.99996948242188,0.14842987060546876,0,-1.0000001192092896,2.1805879768521664e-8,-3.0791782457129104e-9,-3.0791782457129104e-9,6.727781709514602e-8,-1,2.1805879768521664e-8,-0.9999998211860657,6.727781709514602e-8]},{"TranslationKey":"props.largeCleanSteelBeam","PropName":"LargeCleanSteelBeam","RelativeCFrame":[-126.95309448242188,40.89842224121094,0,3.0791782457129104e-9,-2.1805879768521664e-8,1.0000001192092896,1,-6.727781709514602e-8,3.0791782457129104e-9,-6.727781709514602e-8,0.9999998211860657,-2.1805879768521664e-8]},{"RelativeCFrame":[-18.3984375,8.499992370605469,0,-2.1805879768521664e-8,3.0791782457129104e-9,-1.0000001192092896,-6.727781709514602e-8,1,-3.0791782457129104e-9,0.9999998211860657,-6.727781709514602e-8,2.1805879768521664e-8],"PropName":"Mark I Pilot Seat"},{"TranslationKey":"props.mauvlarArmour","PropName":"Mauvlar Armour","RelativeCFrame":[-12.79681396484375,8.5,0,-0.00008104053267743438,1.0000001192092896,0.00008105926099233329,-0.0000809949342510663,0.00008106550376396626,-1.0000001192092896,-0.9999998211860657,-0.00008108415204333141,0.00008112964133033529]},{"TranslationKey":"props.mauvlarArmourPlate","PropName":"Mauvlar Armour Plate","RelativeCFrame":[-17.6015625,8.5,-2.703094482421875,3.0791782457129104e-9,2.1805879768521664e-8,-1.0000001192092896,1,6.727781709514602e-8,-3.0791782457129104e-9,-6.727781709514602e-8,-0.9999998211860657,2.1805879768521664e-8]},{"TranslationKey":"props.mauvlarArmourPlate","PropName":"Mauvlar Armour Plate","RelativeCFrame":[-17.60150146484375,8.5,2.7031402587890627,3.0791782457129104e-9,2.1805879768521664e-8,-1.0000001192092896,1,6.727781709514602e-8,-3.0791782457129104e-9,-6.727781709514602e-8,-0.9999998211860657,2.1805879768521664e-8]},{"RelativeCFrame":[-7.89837646484375,5.6015625,5.4687652587890629,0.1644926518201828,0.22467048466205598,-0.9604507684707642,-0.19512337446212769,0.9618841409683228,0.19158777594566346,0.9668861031532288,0.15589137375354768,0.20206128060817719],"PropName":"Rectangle Goldenhare Armour"},{"RelativeCFrame":[-7.71875,6.390617370605469,-5.59375,-0.16486756503582,0.22451521456241609,-0.9604230523109436,0.19508302211761475,0.9619336128234863,0.19138020277023316,0.9668306708335877,-0.1558098942041397,-0.20239074528217317],"PropName":"Rectangle Goldenhare Armour"},{"RelativeCFrame":[-7.71875,6.367179870605469,5.5937347412109379,0.1644926518201828,0.22467048466205598,-0.9604507684707642,-0.19512337446212769,0.9618841409683228,0.19158777594566346,0.9668861031532288,0.15589137375354768,0.20206128060817719],"PropName":"Rectangle Goldenhare Armour"},{"RelativeCFrame":[-7.89837646484375,5.624992370605469,-5.46875,-0.16486756503582,0.22451521456241609,-0.9604230523109436,0.19508302211761475,0.9619336128234863,0.19138020277023316,0.9668306708335877,-0.1558098942041397,-0.20239074528217317],"PropName":"Rectangle Goldenhare Armour"},{"RelativeCFrame":[-78.078125,20.19530487060547,4.796875,-0.7070604562759399,0.7071532607078552,0.000013384403246163857,-0.000013430850231088698,-0.00003235109761590138,1.0000001192092896,0.7071531414985657,0.7070602178573608,0.000032238134735962379],"PropName":"Rectangle Steel Armour"},{"RelativeCFrame":[-44.265625,13.992179870605469,12.9921875,0.001747789909131825,0.1679200530052185,0.9857994318008423,0.99977046251297,-0.021353550255298616,0.0018645371310412884,0.021363098174333574,0.9855693578720093,-0.16791890561580659],"PropName":"Rectangle Steel Armour"},{"RelativeCFrame":[-122.89840698242188,21.3359375,3.6953277587890627,1.0000001192092896,2.1805879768521664e-8,3.0791782457129104e-9,3.0791782457129104e-9,6.727781709514602e-8,1,-2.1805879768521664e-8,-0.9999998211860657,-6.727781709514602e-8],"PropName":"Rectangle Steel Armour"},{"RelativeCFrame":[14.3828125,16.90624237060547,-1.929656982421875,0.18710516393184663,-0.02435271069407463,0.982038140296936,0.10879866778850556,0.9940561056137085,0.003921614959836006,-0.9762961864471436,0.10611052066087723,0.1886424422264099],"PropName":"Rectangle Steel Armour"},{"RelativeCFrame":[-91.70306396484375,16.5,10.593765258789063,-3.0791782457129104e-9,-1.0000001192092896,2.1805879768521664e-8,-1,-3.0791782457129104e-9,6.727781709514602e-8,6.727781709514602e-8,2.1805879768521664e-8,-0.9999998211860657],"PropName":"Rectangle Steel Armour"},{"RelativeCFrame":[-82.203125,18.19530487060547,-6.5,-1.0000001192092896,2.1805879768521664e-8,-3.0791782457129104e-9,-3.0791782457129104e-9,6.727781709514602e-8,-1,2.1805879768521664e-8,-0.9999998211860657,6.727781709514602e-8],"PropName":"Rectangle Steel Armour"},{"RelativeCFrame":[-132.24215698242188,16.8984375,-6.96875,-3.0791782457129104e-9,-2.1805879768521664e-8,-1.0000001192092896,-1,-6.727781709514602e-8,-3.0791782457129104e-9,6.727781709514602e-8,0.9999998211860657,2.1805879768521664e-8],"PropName":"Rectangle Steel Armour"},{"RelativeCFrame":[-44.28118896484375,14.0234375,-13.0234375,0.0017734803259372712,-0.1679164320230484,0.9857997894287109,0.9997629523277283,0.02169364131987095,0.001896581845358014,-0.0217041727155447,0.9855625033378601,0.16791494190692902],"PropName":"Rectangle Steel Armour"},{"RelativeCFrame":[-79.3046875,27.69530487060547,6.5000152587890629,3.0791782457129104e-9,2.1805879768521664e-8,-1.0000001192092896,1,6.727781709514602e-8,-3.0791782457129104e-9,-6.727781709514602e-8,-0.9999998211860657,2.1805879768521664e-8],"PropName":"Rectangle Steel Armour"},{"RelativeCFrame":[-78.078125,20.19530487060547,-4.796875,-0.7070603966712952,-0.7071533203125,-0.000013378012226894498,0.00001342662926617777,-0.000032355685107177126,1,-0.7071530818939209,0.7070602774620056,0.000032238222047453749],"PropName":"Rectangle Steel Armour"},{"RelativeCFrame":[-113.9375,14,-15.476593017578125,-0.00017810174904298037,-0.03796495124697685,0.9992794394493103,-1.000000238418579,-0.00024562320322729647,-0.00018736162746790797,0.00025243344134651124,-0.9992791414260864,-0.0379650741815567],"PropName":"Rectangle Steel Armour"},{"RelativeCFrame":[-67.203125,17.19530487060547,6.5,3.0791782457129104e-9,-2.1805879768521664e-8,1.0000001192092896,1,-6.727781709514602e-8,3.0791782457129104e-9,-6.727781709514602e-8,0.9999998211860657,-2.1805879768521664e-8],"PropName":"Rectangle Steel Armour"},{"RelativeCFrame":[-113.9375,13.999992370605469,15.468734741210938,-0.00017786346143111587,0.037964992225170138,0.9992792010307312,-1,0.000245519244344905,-0.0001873666769824922,-0.0002522986033000052,-0.9992788434028626,0.03796485438942909],"PropName":"Rectangle Steel Armour"},{"RelativeCFrame":[-67.203125,23.19530487060547,6.5,-1.0000001192092896,2.1805879768521664e-8,-3.0791782457129104e-9,-3.0791782457129104e-9,6.727781709514602e-8,-1,2.1805879768521664e-8,-0.9999998211860657,6.727781709514602e-8],"PropName":"Rectangle Steel Armour"},{"RelativeCFrame":[-96.296875,16.49999237060547,-10.59375,-3.0791782457129104e-9,-1.0000001192092896,2.1805879768521664e-8,-1,-3.0791782457129104e-9,6.727781709514602e-8,6.727781709514602e-8,2.1805879768521664e-8,-0.9999998211860657],"PropName":"Rectangle Steel Armour"},{"RelativeCFrame":[-64.1328125,13.999992370605469,14.999984741210938,0.0000210970265470678,-0.05960150063037872,0.9982223510742188,-1.0000001192092896,-0.000021033018128946425,0.000019885183064616286,0.000019945597159676255,-0.9982221126556397,-0.0596015565097332],"PropName":"Rectangle Steel Armour"},{"RelativeCFrame":[-95.6015625,19.29686737060547,-1.3984375,3.0791782457129104e-9,-1.0000001192092896,-2.1805879768521664e-8,1,-3.0791782457129104e-9,-6.727781709514602e-8,-6.727781709514602e-8,2.1805879768521664e-8,0.9999998211860657],"PropName":"Rectangle Steel Armour"},{"RelativeCFrame":[-76.46875,21.25,4.859375,-0.9992793798446655,0.037959326058626178,-1.0681661422040634e-7,1.0421403828786424e-7,0.0000057144375205098189,1,0.03795935958623886,0.9992790818214417,-0.0000059086355577164799],"PropName":"Rectangle Steel Armour"},{"RelativeCFrame":[-67.203125,17.19530487060547,-6.500030517578125,3.0791782457129104e-9,-2.1805879768521664e-8,1.0000001192092896,1,-6.727781709514602e-8,3.0791782457129104e-9,-6.727781709514602e-8,0.9999998211860657,-2.1805879768521664e-8],"PropName":"Rectangle Steel Armour"},{"RelativeCFrame":[-54.1796875,13.984375,14.226577758789063,0.0016934900777414442,-0.08120052516460419,-0.996696412563324,0.9997731447219849,0.021302292123436929,-0.000036784385883947837,0.021234799176454545,-0.9964699149131775,0.0812181904911995],"PropName":"Rectangle Steel Armour"},{"RelativeCFrame":[-67.203125,23.1953125,-6.500030517578125,-1.0000001192092896,2.1805879768521664e-8,-3.0791782457129104e-9,-3.0791782457129104e-9,6.727781709514602e-8,-1,2.1805879768521664e-8,-0.9999998211860657,6.727781709514602e-8],"PropName":"Rectangle Steel Armour"},{"RelativeCFrame":[-183.125,14.023429870605469,7.7343902587890629,-0.01453936193138361,0.16697895526885987,-0.9858534932136536,0.9961597323417664,0.08755476027727127,0.00013820150343235582,0.086339071393013,-0.9820652008056641,-0.16761061549186707],"PropName":"Rectangle Steel Armour"},{"RelativeCFrame":[-76.4609375,21.25,-4.867156982421875,-0.9992652535438538,-0.03832540661096573,0.000006997292075539008,-0.0000069946854637237269,0.000364832318155095,0.9999999403953552,-0.03832535073161125,0.9992650151252747,-0.00036484759766608477],"PropName":"Rectangle Steel Armour"},{"RelativeCFrame":[-104,13.999992370605469,-15.7265625,0.0000611512441537343,-0.016253657639026643,0.9998680353164673,-1,-0.00006108705565566197,0.000060204827605048197,0.00006026810660841875,-0.9998677968978882,-0.016253730282187463],"PropName":"Rectangle Steel Armour"},{"RelativeCFrame":[-155.80465698242188,17.69530487060547,1.703125,2.1805879768521664e-8,-3.0791782457129104e-9,-1.0000001192092896,6.727781709514602e-8,-1,-3.0791782457129104e-9,-0.9999998211860657,6.727781709514602e-8,2.1805879768521664e-8],"PropName":"Rectangle Steel Armour"},{"RelativeCFrame":[-82.203125,18.19530487060547,6.5000152587890629,-1.0000001192092896,2.1805879768521664e-8,-3.0791782457129104e-9,-3.0791782457129104e-9,6.727781709514602e-8,-1,2.1805879768521664e-8,-0.9999998211860657,6.727781709514602e-8],"PropName":"Rectangle Steel Armour"},{"RelativeCFrame":[-112.703125,16.89842987060547,-6.09375,-3.0791782457129104e-9,-2.1805879768521664e-8,-1.0000001192092896,-1,-6.727781709514602e-8,-3.0791782457129104e-9,6.727781709514602e-8,0.9999998211860657,2.1805879768521664e-8],"PropName":"Rectangle Steel Armour"},{"RelativeCFrame":[-125.6015625,21.8984375,-0.000030517578125,2.1805879768521664e-8,1.0000001192092896,-3.0791782457129104e-9,6.727781709514602e-8,3.0791782457129104e-9,-1,-0.9999998211860657,-2.1805879768521664e-8,6.727781709514602e-8],"PropName":"Rectangle Steel Armour"},{"RelativeCFrame":[-92.39837646484375,20.35155487060547,2.296875,-0.3826710283756256,0.000006399369794962695,0.9238848686218262,-0.9238848090171814,-0.000009469696124142502,-0.38267096877098086,0.000006448223757615779,-0.9999998211860657,0.00000948273554968182],"PropName":"Rectangle Steel Armour"},{"RelativeCFrame":[-97.66403198242188,28.79686737060547,2.03125,0.9807330965995789,0.19535325467586518,0.0000012399887054925785,0.000001226622998728999,-0.000012450341273506638,1,0.195353165268898,-0.980732798576355,-0.00001258437168871751],"PropName":"Rectangle Steel Armour"},{"RelativeCFrame":[-79.703125,25.69530487060547,-6.5,-3.0791782457129104e-9,-2.1805879768521664e-8,-1.0000001192092896,-1,-6.727781709514602e-8,-3.0791782457129104e-9,6.727781709514602e-8,0.9999998211860657,2.1805879768521664e-8],"PropName":"Rectangle Steel Armour"},{"RelativeCFrame":[-36.84368896484375,6.5,-13.1484375,-0.00005925005825702101,0.16795557737350465,0.9857949018478394,-1.000000238418579,-0.00005918005626881495,-0.00004986752537661232,0.000049926424253499138,-0.9857946038246155,0.16795529425144196],"PropName":"Rectangle Steel Armour"},{"RelativeCFrame":[-55.359375,14.476554870605469,-10.71875,0.06164616718888283,0.7071100473403931,0.7044113278388977,-0.9961917996406555,-0.000008056565093284008,0.08718927949666977,0.06165817007422447,-0.7071035504341126,0.7044165730476379],"PropName":"Rectangle Steel Armour"},{"RelativeCFrame":[-69.703125,23.1953125,6.5,-1.0000001192092896,2.1805879768521664e-8,-3.0791782457129104e-9,-3.0791782457129104e-9,6.727781709514602e-8,-1,2.1805879768521664e-8,-0.9999998211860657,6.727781709514602e-8],"PropName":"Rectangle Steel Armour"},{"RelativeCFrame":[-155.80465698242188,17.6953125,-1.703094482421875,2.1805879768521664e-8,-3.0791782457129104e-9,-1.0000001192092896,6.727781709514602e-8,-1,-3.0791782457129104e-9,-0.9999998211860657,6.727781709514602e-8,2.1805879768521664e-8],"PropName":"Rectangle Steel Armour"},{"RelativeCFrame":[-96.29681396484375,16.5,10.59375,-3.0791782457129104e-9,-1.0000001192092896,2.1805879768521664e-8,-1,-3.0791782457129104e-9,6.727781709514602e-8,6.727781709514602e-8,2.1805879768521664e-8,-0.9999998211860657],"PropName":"Rectangle Steel Armour"},{"RelativeCFrame":[-125.6015625,21.3359375,1.390594482421875,2.1805879768521664e-8,-1.0000001192092896,3.0791782457129104e-9,6.727781709514602e-8,-3.0791782457129104e-9,1,-0.9999998211860657,2.1805879768521664e-8,-6.727781709514602e-8],"PropName":"Rectangle Steel Armour"},{"RelativeCFrame":[-24.6015625,6.562492370605469,10.570327758789063,-0.03285372257232666,-0.16434980928897859,0.985855221748352,-0.9807997941970825,0.19501854479312898,-0.00017391207802575082,-0.1922314465045929,-0.9669317603111267,-0.16760146617889405],"PropName":"Rectangle Steel Armour"},{"RelativeCFrame":[-12.96087646484375,16.1015625,-4.21875,0.963040292263031,-0.2119254320859909,-0.16625696420669557,0.1957472264766693,0.9746347069740295,-0.10849137604236603,0.1850317418575287,0.07193706929683685,0.9800958633422852],"PropName":"Rectangle Steel Armour"},{"RelativeCFrame":[-129.20309448242188,23.1953125,-0.750030517578125,-1.0000001192092896,-3.0791782457129104e-9,-2.1805879768521664e-8,-3.0791782457129104e-9,-1,-6.727781709514602e-8,2.1805879768521664e-8,6.727781709514602e-8,0.9999998211860657],"PropName":"Rectangle Steel Armour"},{"RelativeCFrame":[-47.421875,17.19530487060547,-5.453125,0.00009238411439582705,0.38294219970703127,0.9237724542617798,-1,-0.00004320958032622002,0.00011790495045715943,0.00008512309432262555,-0.9237722158432007,0.38294199109077456],"PropName":"Rectangle Steel Armour"},{"RelativeCFrame":[-84,13.999992370605469,-15.734405517578125,0.00006115147698437795,0.016253702342510225,0.9998680353164673,-1.0000001192092896,0.00006122165359556675,0.00006020274304319173,-0.000060133461374789479,-0.9998677372932434,0.016253625974059106],"PropName":"Rectangle Steel Armour"},{"RelativeCFrame":[-183.1171875,14.015625,-7.7421875,-0.014600392431020737,-0.16722768545150758,-0.9858102798461914,0.9961897730827332,-0.08721190690994263,0.00004006989547633566,-0.08598127216100693,-0.9820532202720642,0.1678638458251953],"PropName":"Rectangle Steel Armour"},{"RelativeCFrame":[-14.7421875,6.578125,-8.890655517578125,0.03277231380343437,0.16466984152793885,-0.9858043193817139,0.9807907342910767,-0.19506317377090455,0.000022032112610759215,-0.19229061901569367,-0.9668681025505066,-0.1678992211818695],"PropName":"Rectangle Steel Armour"},{"RelativeCFrame":[-64.125,13.999992370605469,-15,0.000031348881748272109,0.0599362812936306,0.9982022643089294,-1,0.00003141939305351116,0.000029592771170428024,-0.000029526196158258246,-0.9982020854949951,0.059936195611953738],"PropName":"Rectangle Steel Armour"},{"RelativeCFrame":[-94,13.999992370605469,15.796859741210938,-3.0791782457129104e-9,2.1805879768521664e-8,1.0000001192092896,-1,6.727781709514602e-8,3.0791782457129104e-9,6.727781709514602e-8,-0.9999998211860657,-2.1805879768521664e-8],"PropName":"Rectangle Steel Armour"},{"RelativeCFrame":[-36.84368896484375,6.484367370605469,13.140625,-0.0001668960030656308,-0.16764047741889954,0.9858483672142029,-1.0000001192092896,0.000009364246579934843,-0.00016768302884884179,0.000018962158719659784,-0.985848069190979,-0.16764044761657716],"PropName":"Rectangle Steel Armour"},{"RelativeCFrame":[-94,14,-15.796875,-3.0791782457129104e-9,2.1805879768521664e-8,1.0000001192092896,-1,6.727781709514602e-8,3.0791782457129104e-9,6.727781709514602e-8,-0.9999998211860657,-2.1805879768521664e-8],"PropName":"Rectangle Steel Armour"},{"RelativeCFrame":[-122.8984375,21.3359375,-3.6953125,1.0000001192092896,2.1805879768521664e-8,3.0791782457129104e-9,3.0791782457129104e-9,6.727781709514602e-8,1,-2.1805879768521664e-8,-0.9999998211860657,-6.727781709514602e-8],"PropName":"Rectangle Steel Armour"},{"RelativeCFrame":[-91.3671875,22.84374237060547,0,0.000028691565603367054,-0.3826645612716675,-0.9238874912261963,-0.000005640081781166373,-0.9238875508308411,0.3826645016670227,-0.9999998807907105,-0.000005636713467538357,-0.00002873518860724289],"PropName":"Rectangle Steel Armour"},{"RelativeCFrame":[-143.67184448242188,14.023429870605469,-13.195343017578125,-0.008986826986074448,-0.10279901325702667,-0.9946616291999817,0.9961599707603455,-0.08755176514387131,0.00004815056308871135,-0.0870894193649292,-0.9908413887023926,0.10319114476442337],"PropName":"Rectangle Steel Armour"},{"RelativeCFrame":[-58.30462646484375,23.1953125,0.6015625,2.1805879768521664e-8,-1.0000001192092896,3.0791782457129104e-9,6.727781709514602e-8,-3.0791782457129104e-9,1,-0.9999998211860657,2.1805879768521664e-8,-6.727781709514602e-8],"PropName":"Rectangle Steel Armour"},{"RelativeCFrame":[-24.6015625,13.9921875,10.75,0.012972953729331494,0.1456407755613327,0.9892526865005493,0.9961872696876526,-0.08724076300859451,-0.0002201069873990491,0.08627087622880936,0.9854834675788879,-0.14621734619140626],"PropName":"Rectangle Steel Armour"},{"RelativeCFrame":[-39.54681396484375,16.89842987060547,2.21875,0.38267093896865847,0.9238848090171814,0.000006374601071001962,-0.000006314420261332998,0.000009454147402720992,-1.0000001192092896,-0.9238845705986023,0.38267087936401369,0.000009544459317112342],"PropName":"Rectangle Steel Armour"},{"RelativeCFrame":[-132.2421875,16.89842987060547,6.96875,3.0791782457129104e-9,-2.1805879768521664e-8,1.0000001192092896,1,-6.727781709514602e-8,3.0791782457129104e-9,-6.727781709514602e-8,0.9999998211860657,-2.1805879768521664e-8],"PropName":"Rectangle Steel Armour"},{"RelativeCFrame":[-79.70306396484375,25.69530487060547,6.5,-3.0791782457129104e-9,-2.1805879768521664e-8,-1.0000001192092896,-1,-6.727781709514602e-8,-3.0791782457129104e-9,6.727781709514602e-8,0.9999998211860657,2.1805879768521664e-8],"PropName":"Rectangle Steel Armour"},{"RelativeCFrame":[-69.703125,25.6953125,-6.5,3.0791782457129104e-9,-2.1805879768521664e-8,1.0000001192092896,1,-6.727781709514602e-8,3.0791782457129104e-9,-6.727781709514602e-8,0.9999998211860657,-2.1805879768521664e-8],"PropName":"Rectangle Steel Armour"},{"RelativeCFrame":[-24.59375,14.015625,-10.7421875,0.012640303000807763,-0.1456419676542282,0.989256739616394,0.9961605668067932,0.08754533529281616,0.00016024027718231082,-0.086628258228302,0.9854561686515808,0.14618928730487824],"PropName":"Rectangle Steel Armour"},{"RelativeCFrame":[-133.78121948242188,14.0078125,-14.1015625,0.006890232674777508,0.08100724965333939,-0.9966897368431091,-0.9961878657341003,0.08723514527082443,0.00020336259331088513,0.08696296066045761,0.9928886294364929,0.08129949122667313],"PropName":"Rectangle Steel Armour"},{"RelativeCFrame":[-12.28125,11.421867370605469,-8.476593017578125,0.032772306352853778,-0.16466985642910005,-0.9858043789863586,-0.9807907342910767,-0.19506330788135529,-0.000022015832655597479,-0.19229048490524293,0.9668681621551514,-0.1678992062807083],"PropName":"Rectangle Steel Armour"},{"RelativeCFrame":[-79.3046875,27.6953125,-6.499969482421875,3.0791782457129104e-9,2.1805879768521664e-8,-1.0000001192092896,1,6.727781709514602e-8,-3.0791782457129104e-9,-6.727781709514602e-8,-0.9999998211860657,2.1805879768521664e-8],"PropName":"Rectangle Steel Armour"},{"RelativeCFrame":[-59.70306396484375,17.1953125,6.5,3.0791782457129104e-9,2.1805879768521664e-8,-1.0000001192092896,1,6.727781709514602e-8,-3.0791782457129104e-9,-6.727781709514602e-8,-0.9999998211860657,2.1805879768521664e-8],"PropName":"Rectangle Steel Armour"},{"RelativeCFrame":[-60.39056396484375,23.19530487060547,4.1484375,0.87674880027771,0.48094886541366579,-0.000005039774805482011,0.000005071698524261592,-0.00001984622394957114,-1.0000001192092896,-0.4809487462043762,0.8767486810684204,-0.000019721594071597793],"PropName":"Rectangle Steel Armour"},{"RelativeCFrame":[-44.5,22.09375,-1.703155517578125,2.1805879768521664e-8,3.0791782457129104e-9,1.0000001192092896,6.727781709514602e-8,1,3.0791782457129104e-9,-0.9999998211860657,-6.727781709514602e-8,-2.1805879768521664e-8],"PropName":"Rectangle Steel Armour"},{"RelativeCFrame":[-95.6015625,19.29686737060547,1.3984375,3.0791782457129104e-9,-1.0000001192092896,-2.1805879768521664e-8,1,-3.0791782457129104e-9,-6.727781709514602e-8,-6.727781709514602e-8,2.1805879768521664e-8,0.9999998211860657],"PropName":"Rectangle Steel Armour"},{"RelativeCFrame":[-133.20309448242188,20.89842987060547,-2.296844482421875,3.0791782457129104e-9,2.1805879768521664e-8,-1.0000001192092896,1,6.727781709514602e-8,-3.0791782457129104e-9,-6.727781709514602e-8,-0.9999998211860657,2.1805879768521664e-8],"PropName":"Rectangle Steel Armour"},{"RelativeCFrame":[-81.60150146484375,39.34375,0,-1.0000001192092896,3.0791782457129104e-9,2.1805879768521664e-8,-3.0791782457129104e-9,1,6.727781709514602e-8,2.1805879768521664e-8,-6.727781709514602e-8,-0.9999998211860657],"PropName":"Rectangle Steel Armour"},{"RelativeCFrame":[-62.58587646484375,23.19530487060547,5.3515777587890629,0.87674880027771,0.48094886541366579,-0.000005039774805482011,0.000005071698524261592,-0.00001984622394957114,-1.0000001192092896,-0.4809487462043762,0.8767486810684204,-0.000019721594071597793],"PropName":"Rectangle Steel Armour"},{"RelativeCFrame":[-58.30462646484375,23.1953125,-0.601593017578125,2.1805879768521664e-8,-1.0000001192092896,3.0791782457129104e-9,6.727781709514602e-8,-3.0791782457129104e-9,1,-0.9999998211860657,2.1805879768521664e-8,-6.727781709514602e-8],"PropName":"Rectangle Steel Armour"},{"RelativeCFrame":[-84.5,27.6953125,1.703125,3.0791782457129104e-9,-1.0000001192092896,-2.1805879768521664e-8,1,-3.0791782457129104e-9,-6.727781709514602e-8,-6.727781709514602e-8,2.1805879768521664e-8,0.9999998211860657],"PropName":"Rectangle Steel Armour"},{"RelativeCFrame":[-112.70309448242188,16.8984375,6.09375,-3.0791782457129104e-9,-2.1805879768521664e-8,-1.0000001192092896,-1,-6.727781709514602e-8,-3.0791782457129104e-9,6.727781709514602e-8,0.9999998211860657,2.1805879768521664e-8],"PropName":"Rectangle Steel Armour"},{"RelativeCFrame":[-44.35150146484375,14.070304870605469,-13.09375,0.013149626553058625,-0.10233361274003983,0.9946633577346802,0.9914335608482361,0.1306125521659851,0.00033080187859013677,-0.12994948029518128,0.986137866973877,0.10317441821098328],"PropName":"Rectangle Steel Armour"},{"RelativeCFrame":[-102.703125,19.296875,-1.3984375,3.0791782457129104e-9,1.0000001192092896,2.1805879768521664e-8,1,3.0791782457129104e-9,6.727781709514602e-8,-6.727781709514602e-8,-2.1805879768521664e-8,-0.9999998211860657],"PropName":"Rectangle Steel Armour"},{"RelativeCFrame":[-97.66403198242188,28.79686737060547,-2.03125,0.9807809591293335,-0.19511260092258454,0.0000011281139222774073,0.0000011412294043111615,0.000011450003512436524,1,-0.19511258602142335,-0.9807807207107544,0.000011317191820126027],"PropName":"Rectangle Steel Armour"},{"RelativeCFrame":[-73.828125,20.19532012939453,-4.796844482421875,0.7070605158805847,-0.7071532607078552,-0.000013378245057538152,-0.000013331286027096212,-0.000032260450097965079,1.0000001192092896,-0.7071531414985657,-0.7070602178573608,-0.00003237268902012147],"PropName":"Rectangle Steel Armour"},{"RelativeCFrame":[-44.31243896484375,14.03125,13.0625,0.01358658354729414,0.10257133096456528,0.9946330189704895,0.9914746284484863,-0.1302993893623352,-0.000106324594526086,0.1295890212059021,0.9861546158790588,-0.10346723347902298],"PropName":"Rectangle Steel Armour"},{"RelativeCFrame":[-100.328125,29.296875,-2.101531982421875,-0.38268736004829409,3.0791782457129104e-9,0.923878014087677,6.095285698393127e-8,1,2.8459208323283748e-8,-0.9238777756690979,-6.727781709514602e-8,-0.3826873004436493],"PropName":"Rectangle Steel Armour"},{"RelativeCFrame":[-59.70306396484375,17.1953125,-6.5,3.0791782457129104e-9,2.1805879768521664e-8,-1.0000001192092896,1,6.727781709514602e-8,-3.0791782457129104e-9,-6.727781709514602e-8,-0.9999998211860657,2.1805879768521664e-8],"PropName":"Rectangle Steel Armour"},{"RelativeCFrame":[-92.3984375,20.35155487060547,-2.296875,-0.3826710283756256,0.000006399369794962695,0.9238848686218262,-0.9238848090171814,-0.000009469696124142502,-0.38267096877098086,0.000006448223757615779,-0.9999998211860657,0.00000948273554968182],"PropName":"Rectangle Steel Armour"},{"RelativeCFrame":[-34.38275146484375,4,-12.7265625,0.0001378028537146747,0.16795554757118226,0.985794723033905,-1,-0.000019602690372266808,0.00014316235319711268,0.00004351912502897903,-0.9857944250106812,0.16795547306537629],"PropName":"Rectangle Steel Armour"},{"RelativeCFrame":[-14.7578125,11.484367370605469,9.078125,-0.00013852403208147734,-0.2318749725818634,0.9727458357810974,-1.0000003576278687,-0.000013167556062398944,-0.00014523793652188033,0.00004640972110792063,-0.9727457165718079,-0.23187516629695893],"PropName":"Rectangle Steel Armour"},{"RelativeCFrame":[-173.296875,14.023429870605469,-9.289031982421875,-0.012791392393410206,-0.1459697037935257,-0.9892064929008484,0.9961904287338257,-0.08720439672470093,-0.00001360268743155757,-0.08626123517751694,-0.9854379892349243,0.14652907848358155],"PropName":"Rectangle Steel Armour"},{"RelativeCFrame":[-65.3046875,26.34374237060547,-2.296844482421875,3.0791782457129104e-9,-2.1805879768521664e-8,1.0000001192092896,1,-6.727781709514602e-8,3.0791782457129104e-9,-6.727781709514602e-8,0.9999998211860657,-2.1805879768521664e-8],"PropName":"Rectangle Steel Armour"},{"RelativeCFrame":[-14.9453125,4,-8.09375,0.00012504748883657157,0.25321075320243838,0.9674111604690552,-1,-0.0000240144527197117,0.00013558645150624216,0.00005776452235295437,-0.9674109220504761,0.25321072340011599],"PropName":"Rectangle Steel Armour"},{"RelativeCFrame":[-31.99993896484375,11.40625,11.828125,0.03259771689772606,0.16444125771522523,-0.9858483076095581,-0.9807741045951843,0.1951468586921692,0.0001208638132084161,0.19240519404411317,0.9668900966644287,0.1676410287618637],"PropName":"Rectangle Steel Armour"},{"RelativeCFrame":[-192.8984375,14.015617370605469,-5.984375,-0.016425607725977899,-0.18852514028549195,-0.9819313287734985,0.9961872100830078,-0.08724420517683029,0.00008638132567284629,-0.08568402379751206,-0.9781855344772339,0.18923914432525636],"PropName":"Rectangle Steel Armour"},{"RelativeCFrame":[-163.40625,14.0234375,-10.75,-0.012791392393410206,-0.1459697037935257,-0.9892064929008484,0.9961904287338257,-0.08720439672470093,-0.00001360268743155757,-0.08626123517751694,-0.9854379892349243,0.14652907848358155],"PropName":"Rectangle Steel Armour"},{"RelativeCFrame":[-14.7421875,6.562492370605469,8.890625,0.03285360708832741,-0.16442182660102845,-0.9858429431915283,0.9807854890823364,0.1950894147157669,0.00014744760119356215,0.19230307638645173,-0.9669049978256226,0.16767191886901856],"PropName":"Rectangle Steel Armour"},{"RelativeCFrame":[-39.546875,16.89842987060547,-2.218719482421875,-0.3826709985733032,0.9238848686218