{"RootCFrame":[-512.676513671875,239.42958068847657,503.2875671386719,0.8244487643241882,0.565936803817749,0.00027081414009444416,0.000019689288819790819,0.0004498526977840811,-0.9999999403953552,-0.565936803817749,0.8244486451148987,0.00035984747228212655],"ModelName":"Boat_4bea5fbf-b454-4718-b0e6-81565033b276","Items":[{"TranslationKey":"props.blacksteelArmour","PropName":"BlacksteelArmour","RelativeCFrame":[26.421875,-1.749969482421875,-5.453125,0.000011333122529322282,-0.1951126903295517,-0.9807812571525574,-0.0000012118376844227897,-0.9807813167572022,0.19511261582374574,-1.0000001192092896,-0.000001196896505462064,-0.00001147982675320236]},{"TranslationKey":"props.blacksteelArmour","PropName":"BlacksteelArmour","RelativeCFrame":[29.671875,0.2500152587890625,-11.3203125,-0.00021260367066133767,-0.2907707095146179,-0.9567930698394775,1.000000238418579,-0.00006734104681527242,-0.00020180891442578286,-0.000005516064447874669,-0.9567928910255432,0.2907707393169403]},{"TranslationKey":"props.blacksteelArmour","PropName":"BlacksteelArmour","RelativeCFrame":[26.6015625,2.2500152587890627,-5.40625,0.000011333127986290492,0.19511258602142335,-0.9807812571525574,0.0000010382771051808959,-0.9807813167572022,-0.19511273503303529,-1.000000238418579,0.0000010266834351568833,-0.000011513685421959963]},{"TranslationKey":"props.flatSeat","PropName":"FlatSeat","RelativeCFrame":[56.34381103515625,0.25002288818359377,-14.2734375,-0.0000043212157834204849,0.09820582717657089,0.9951663613319397,-1.0000001192092896,-0.000004295079179428285,-0.000003825074145424878,0.0000038093835428298918,-0.9951661825180054,0.09820576012134552]},{"TranslationKey":"props.rectangleGoldenhareArmour","PropName":"Goldenhare Armour","RelativeCFrame":[27.5859375,2.8828353881835939,-7.21875,-0.09784122556447983,-0.1941656917333603,0.9760773777961731,0.00004187972081126645,0.9807823300361633,0.19510598480701447,-0.9952021241188049,0.01913047768175602,-0.09595292061567307]},{"TranslationKey":"props.rectangleGoldenhareArmour","PropName":"Goldenhare Armour","RelativeCFrame":[32.46875,3.8594207763671877,-7.6953125,-0.976078450679779,0.19413432478904725,0.0978955328464508,-0.1950691193342209,-0.980789840221405,0.000024424611183349044,0.09601974487304688,-0.019072744995355607,0.9951967597007752]},{"TranslationKey":"props.rectangleGoldenhareArmour","PropName":"Goldenhare Armour","RelativeCFrame":[28.53125,-2.546844482421875,-7.203125,0.9760782718658447,-0.19413447380065919,-0.0978955328464508,-0.19506902992725373,-0.9807899594306946,0.000024236293029389345,-0.09601978212594986,0.019072573632001878,-0.9951969385147095]},{"TranslationKey":"props.rectangleGoldenhareArmour","PropName":"Goldenhare Armour","RelativeCFrame":[32.4375,-3.3203125,-7.5937652587890629,-0.9760783910751343,0.19413448870182038,-0.0978955328464508,0.19506901502609254,0.9807897806167603,0.000024236293029389345,0.09601978212594986,-0.019072573632001878,-0.9951969385147095]},{"TranslationKey":"props.industrialSpotlight","PropName":"Industrial Spotlight","RelativeCFrame":[100.8671875,3.0703506469726564,-12.140640258789063,-0.9997642040252686,-0.0000013021373206356657,-0.021728601306676866,0.021728459745645524,-0.00012621025962289423,-0.9997642040252686,-0.0000013002801324546454,-1.0000001192092896,0.00012603816867340356]},{"TranslationKey":"props.industrialSpotlight","PropName":"Industrial Spotlight","RelativeCFrame":[51.03125,-5.1327972412109379,-16.703125,-0.8537172675132752,0.35329669713974,0.3825557231903076,0.35341882705688479,-0.14643755555152894,0.9239327311515808,0.3824429512023926,0.9239792823791504,0.00015454948879778385]},{"TranslationKey":"props.industrialSpotlight","PropName":"Industrial Spotlight","RelativeCFrame":[51.03125,5.6328582763671879,-16.703094482421876,0.8537172079086304,0.35329675674438479,0.3825555741786957,0.35341888666152956,0.1464376598596573,-0.923932671546936,-0.3824428617954254,0.9239792823791504,0.00015438911214005202]},{"TranslationKey":"props.industrialSpotlight","PropName":"Industrial Spotlight","RelativeCFrame":[41.4296875,-6.726524353027344,-6.796875,-0.9238635897636414,0.1462174355983734,0.35369008779525759,-0.3827221691608429,-0.35356226563453677,-0.8535324931144714,0.00025020507746376097,-0.9239125847816467,0.3826037049293518]},{"TranslationKey":"props.industrialSpotlight","PropName":"Industrial Spotlight","RelativeCFrame":[41.4296875,7.2344207763671879,-16.703155517578126,0.9238637685775757,0.14649930596351624,-0.3535732328891754,-0.38272181153297427,0.35350632667541506,-0.8535559773445129,-0.00005515566954272799,0.9238893389701843,0.3826599717140198]},{"TranslationKey":"props.industrialSpotlight","PropName":"Industrial Spotlight","RelativeCFrame":[100.96875,-2.3046722412109377,-12.15625,-0.9997642040252686,-0.0000013021262930124067,0.021728480234742166,-0.02172858826816082,0.00012603666982613504,-0.9997642040252686,-0.000001304028387494327,-1.0000001192092896,-0.00012621165660675615]},{"TranslationKey":"props.industrialSpotlight","PropName":"Industrial Spotlight","RelativeCFrame":[51.0234375,5.6328582763671879,-6.7968902587890629,-0.853717565536499,0.3532736003398895,0.38257724046707156,-0.3533957302570343,0.14655010402202607,-0.9239238500595093,-0.3824644088745117,-0.9239704608917236,-0.0002674926072359085]},{"TranslationKey":"props.industrialSpotlight","PropName":"Industrial Spotlight","RelativeCFrame":[51.0234375,-5.1327667236328129,-6.7968902587890629,-0.8535770773887634,0.3535037040710449,-0.38267719745635989,0.3535035252571106,-0.146550253033638,-0.9238823652267456,-0.38267701864242556,-0.923882246017456,0.00012702288222499192]},{"TranslationKey":"props.industrialSpotlight","PropName":"Industrial Spotlight","RelativeCFrame":[41.4296875,7.22662353515625,-6.7968597412109379,-0.9238636493682861,0.146217480301857,-0.3536902666091919,0.3827221095561981,0.3535621762275696,-0.8535326719284058,0.0002502715215086937,-0.923912525177002,-0.38260382413864138]},{"TranslationKey":"props.industrialSpotlight","PropName":"Industrial Spotlight","RelativeCFrame":[23.296875,1.4062576293945313,-9.0859375,0.9155606627464294,-0.3925713896751404,0.08738929778337479,0.2903859615325928,0.7956004738807678,0.5316919684410095,-0.27825403213500979,-0.4614192843437195,0.8424174785614014]},{"TranslationKey":"props.industrialSpotlight","PropName":"Industrial Spotlight","RelativeCFrame":[41.4296875,-6.734321594238281,-16.703155517578126,-0.9238643646240234,0.14649927616119386,-0.353573203086853,-0.38272202014923098,-0.3535064458847046,0.8535561561584473,0.000055074331612559038,0.9238895177841187,0.38266000151634219]},{"TranslationKey":"props.industrialSpotlight","PropName":"Industrial Spotlight","RelativeCFrame":[23.3203125,-0.9062271118164063,-9.09375,0.9157314300537109,-0.3921184241771698,-0.08763379603624344,-0.28990399837493899,-0.7958335876464844,0.5316060781478882,-0.27819451689720156,-0.46140289306640627,-0.8424460887908936]},{"RelativeCFrame":[24.8515625,0.24999237060546876,-5.40625,-7.323161810290913e-8,6.784439676721377e-8,1.000000238418579,-1.000000238418579,-8.677385920918823e-8,7.323161810290913e-8,-8.677385920918823e-8,-1.0000001192092896,-6.784439676721377e-8],"PropName":"Mark I Pilot Seat"},{"RelativeCFrame":[37.8828125,-3.3905715942382814,-0.3047027587890625,0.980840802192688,0.19481180608272553,-0.0001544072583783418,-0.00021013140212744474,0.0002664122439455241,-1.000000238418579,-0.1948118805885315,0.9808407425880432,0.0003020491567440331],"PropName":"Old Cannon Barrel"},{"RelativeCFrame":[37.8828125,0.25002288818359377,-0.3046875,0.980840802192688,0.19481180608272553,-0.0001544072583783418,-0.00021013140212744474,0.0002664122439455241,-1.000000238418579,-0.1948118805885315,0.9808407425880432,0.0003020491567440331],"PropName":"Old Cannon Barrel"},{"RelativeCFrame":[37.88287353515625,3.8906402587890627,-0.3047027587890625,0.980840802192688,0.19481180608272553,-0.0001544072583783418,-0.00021013140212744474,0.0002664122439455241,-1.000000238418579,-0.1948118805885315,0.9808407425880432,0.0003020491567440331],"PropName":"Old Cannon Barrel"},{"RelativeCFrame":[37.8828125,2.0703582763671877,-0.3046875,0.980840802192688,0.19481180608272553,-0.0001544072583783418,-0.00021013140212744474,0.0002664122439455241,-1.000000238418579,-0.1948118805885315,0.9808407425880432,0.0003020491567440331],"PropName":"Old Cannon Barrel"},{"RelativeCFrame":[37.8828125,-1.5702896118164063,-0.3047027587890625,0.980840802192688,0.19481180608272553,-0.0001544072583783418,-0.00021013140212744474,0.0002664122439455241,-1.000000238418579,-0.1948118805885315,0.9808407425880432,0.0003020491567440331],"PropName":"Old Cannon Barrel"},{"RelativeCFrame":[23.2578125,-1.4921493530273438,-6.6875,-0.09784121811389923,-0.19416585564613343,-0.9760773777961731,-0.00004207064921502024,-0.9807824492454529,0.1951058954000473,-0.9952020645141602,0.01913030818104744,0.09595295786857605],"PropName":"Rectangle Goldenhare Armour"},{"RelativeCFrame":[23.1953125,2.0078353881835939,-6.7890777587890629,-0.09784122556447983,-0.1941656917333603,0.9760773777961731,0.00004187972081126645,0.9807823300361633,0.19510598480701447,-0.9952021241188049,0.01913047768175602,-0.09595292061567307],"PropName":"Rectangle Goldenhare Armour"},{"RelativeCFrame":[45.046875,3.609375,-8.414077758789063,-0.19504699110984803,-0.09613126516342163,-0.976071834564209,-0.000027433807190391236,-0.9951848983764648,0.09801892936229706,-0.9807940721511841,0.01914490945637226,0.19410505890846253],"PropName":"Rectangle Steel Armour"},{"RelativeCFrame":[45.390625,-3.0546798706054689,-6.9531402587890629,-0.19504152238368989,0.09625223278999329,-0.9760608673095703,0.000015529654774582015,-0.9951730370521545,-0.09814020991325379,-0.98079514503479,-0.019156737253069879,0.19409848749637605],"PropName":"Rectangle Steel Armour"},{"RelativeCFrame":[45.046875,-3.0624923706054689,-8.414077758789063,-0.19504152238368989,0.09625223278999329,-0.9760608673095703,0.000015529654774582015,-0.9951730370521545,-0.09814020991325379,-0.98079514503479,-0.019156737253069879,0.19409848749637605],"PropName":"Rectangle Steel Armour"},{"RelativeCFrame":[45.34375,3.6016082763671877,-6.9453125,0.1950468122959137,-0.09613126516342163,0.976071834564209,0.00002743915501923766,-0.9951848983764648,-0.09801892936229706,0.9807940721511841,0.01914490945637226,-0.19410523772239686],"PropName":"Rectangle Steel Armour"},{"TranslationKey":"props.smallGoldenhareArmour","PropName":"Small Goldenhare Armour","RelativeCFrame":[23.734375,2.1484527587890627,-10.5,-0.9522178173065186,0.30444419384002688,0.02441573701798916,-0.09812309592962265,-0.38064348697662356,0.9195018410682678,0.2892305552959442,0.8731694221496582,0.3923279643058777]},{"TranslationKey":"props.smallGoldenhareArmour","PropName":"Small Goldenhare Armour","RelativeCFrame":[19.9140625,-0.390625,-9.015625,-0.9567751884460449,0.11156565696001053,0.2685806453227997,-0.00031648273579776287,-0.9238941669464111,0.3826492428779602,0.2908305823802948,0.36602383852005007,0.8839933276176453]},{"TranslationKey":"props.smallGoldenhareArmour","PropName":"Small Goldenhare Armour","RelativeCFrame":[19.9296875,0.96875,-8.9609375,-0.9568758606910706,0.2052925080060959,-0.2055341899394989,-0.00019003239867743105,0.7070804834365845,0.707133412361145,0.29049837589263918,0.6766776442527771,-0.676548957824707]},{"TranslationKey":"props.smallGoldenhareArmour","PropName":"Small Goldenhare Armour","RelativeCFrame":[32.015625,5.312530517578125,-12.265625,-0.9155508875846863,0.06954996287822724,0.39614489674568179,-0.2904391288757324,-0.7956736087799072,-0.5315542221069336,0.27823227643966677,-0.6017205715179443,0.74867844581604]},{"TranslationKey":"props.smallGoldenhareArmour","PropName":"Small Goldenhare Armour","RelativeCFrame":[30.7734375,3.9375,-10.5859375,-0.9155508875846863,0.06954996287822724,0.39614489674568179,-0.2904391288757324,-0.7956736087799072,-0.5315542221069336,0.27823227643966677,-0.6017205715179443,0.74867844581604]},{"TranslationKey":"props.smallGoldenhareArmour","PropName":"Small Goldenhare Armour","RelativeCFrame":[23.4296875,0.7500076293945313,-10.6796875,-0.9521912932395935,0.29069650173187258,-0.09395650774240494,-0.09816992282867432,0.00009057996066985652,0.9951698780059815,0.28930094838142397,0.9568153023719788,0.02845153771340847]},{"TranslationKey":"props.smallGoldenhareArmour","PropName":"Small Goldenhare Armour","RelativeCFrame":[33.3359375,0.25,-13.6875,-0.9568108916282654,0.29071152210235598,-0.00018362791161052883,-0.00017862391541711986,0.00004427947715157643,1.000000238418579,0.2907116115093231,0.9568107724189758,0.00000974273461906705]},{"TranslationKey":"props.smallGoldenhareArmour","PropName":"Small Goldenhare Armour","RelativeCFrame":[21.046875,0.5078125,-9.9609375,0.9521912932395935,-0.29069650173187258,-0.09395650774240494,0.09816992282867432,-0.00009057996066985652,0.9951698780059815,-0.28930094838142397,-0.9568153023719788,0.02845153771340847]},{"TranslationKey":"props.smallGoldenhareArmour","PropName":"Small Goldenhare Armour","RelativeCFrame":[23.875,-1.6640396118164063,-10.5390625,-0.9522313475608826,0.3043668568134308,-0.024834340438246728,0.09783007204532623,0.3810814917087555,0.9193511605262756,0.28928402066230776,0.8730050921440125,-0.3926536440849304]},{"TranslationKey":"props.smallGoldenhareArmour","PropName":"Small Goldenhare Armour","RelativeCFrame":[28.1953125,-0.7421951293945313,-12.125,-0.9522033333778381,-0.2907615900039673,-0.09363629668951035,0.09788761287927628,-0.0000771204722695984,-0.9951978921890259,0.28935807943344118,-0.9567957520484924,0.02853493206202984]},{"TranslationKey":"props.smallGoldenhareArmour","PropName":"Small Goldenhare Armour","RelativeCFrame":[26.1953125,-2.0546798706054689,-9.2109375,-0.9156175255775452,0.06921403110027313,-0.39604949951171877,0.2901342511177063,0.7956872582435608,-0.531699538230896,0.27833056449890139,-0.6017404198646545,-0.7486264705657959]},{"TranslationKey":"props.smallGoldenhareArmour","PropName":"Small Goldenhare Armour","RelativeCFrame":[27.4375,-3.4296646118164064,-10.890625,-0.9156175255775452,0.06921403110027313,-0.39604949951171877,0.2901342511177063,0.7956872582435608,-0.531699538230896,0.27833056449890139,-0.6017404198646545,-0.7486264705657959]},{"TranslationKey":"props.smallGoldenhareArmour","PropName":"Small Goldenhare Armour","RelativeCFrame":[19.90625,1.132843017578125,-6.28125,-0.2886859178543091,-0.028532959520816804,-0.9569987654685974,0.09818623214960098,-0.9951682090759277,0.00005219406739342958,-0.9523759484291077,-0.09394918382167816,0.2900926172733307]},{"TranslationKey":"props.smallGoldenhareArmour","PropName":"Small Goldenhare Armour","RelativeCFrame":[32.953125,1.7344207763671876,-13.578125,-0.9521912932395935,-0.29069650173187258,0.09395650774240494,-0.09816992282867432,-0.00009057996066985652,-0.9951698780059815,0.28930094838142397,-0.9568153023719788,-0.02845153771340847]},{"TranslationKey":"props.smallGoldenhareArmour","PropName":"Small Goldenhare Armour","RelativeCFrame":[33.3984375,-2.640625,-13.4375,-0.9522313475608826,-0.3043668568134308,0.024834340438246728,0.09783007204532623,-0.3810814321041107,-0.9193511605262756,0.28928402066230776,-0.8730050921440125,0.3926536440849304]},{"TranslationKey":"props.smallGoldenhareArmour","PropName":"Small Goldenhare Armour","RelativeCFrame":[29.3203125,0.25003814697265627,-12.468765258789063,0.9568108916282654,0.29071152210235598,0.00018362791161052883,0.00017862391541711986,0.00004427947715157643,-1.000000238418579,-0.2907116115093231,0.9568107724189758,-0.00000974273461906705]},{"TranslationKey":"props.smallGoldenhareArmour","PropName":"Small Goldenhare Armour","RelativeCFrame":[32.953125,-1.22650146484375,-13.578125,-0.9522033333778381,-0.2907615900039673,-0.09363629668951035,0.09788761287927628,-0.0000771204722695984,-0.9951978921890259,0.28935807943344118,-0.9567957520484924,0.02853493206202984]},{"TranslationKey":"props.smallGoldenhareArmour","PropName":"Small Goldenhare Armour","RelativeCFrame":[19.75,0.25,-9.562515258789063,0.9568108916282654,0.29071152210235598,0.00018362791161052883,0.00017862391541711986,0.00004427947715157643,-1.000000238418579,-0.2907116115093231,0.9568107724189758,-0.00000974273461906705]},{"TranslationKey":"props.smallGoldenhareArmour","PropName":"Small Goldenhare Armour","RelativeCFrame":[21.5625,1.6172103881835938,-3.3593597412109377,-0.976078450679779,-0.19413438439369203,-0.0978955328464508,-0.1950691193342209,0.9807897806167603,-0.000024424611183349044,0.09601974487304688,0.019072744995355607,-0.9951968789100647]},{"TranslationKey":"props.smallGoldenhareArmour","PropName":"Small Goldenhare Armour","RelativeCFrame":[26.1953125,2.4843826293945314,-9.1953125,-0.9155508875846863,-0.06954997032880783,-0.39614489674568179,-0.2904391288757324,0.7956731915473938,0.5315542221069336,0.27823227643966677,0.6017205715179443,-0.7486788630485535]},{"TranslationKey":"props.smallGoldenhareArmour","PropName":"Small Goldenhare Armour","RelativeCFrame":[28.1953125,1.2422103881835938,-12.125,-0.9521912932395935,-0.29069650173187258,0.09395650774240494,-0.09816992282867432,-0.00009057996066985652,-0.9951698780059815,0.28930094838142397,-0.9568153023719788,-0.02845153771340847]},{"TranslationKey":"props.smallGoldenhareArmour","PropName":"Small Goldenhare Armour","RelativeCFrame":[23.7578125,-1.8671493530273438,-10.4140625,-0.9500448107719421,-0.3044634759426117,-0.06868135184049607,0.1875476986169815,-0.3809904456138611,-0.9053577184677124,0.2494814395904541,-0.8730112314224243,0.41905921697616579]},{"TranslationKey":"props.smallGoldenhareArmour","PropName":"Small Goldenhare Armour","RelativeCFrame":[33.26568603515625,-3.7421646118164064,-12.906265258789063,-0.9500448107719421,-0.3044634759426117,-0.06868135184049607,0.1875476986169815,-0.3809904456138611,-0.9053577184677124,0.2494814395904541,-0.8730112314224243,0.41905921697616579]},{"TranslationKey":"props.smallGoldenhareArmour","PropName":"Small Goldenhare Armour","RelativeCFrame":[30.7734375,-3.499969482421875,-10.601577758789063,-0.9156175255775452,-0.06921406835317612,0.39604949951171877,0.2901342511177063,-0.7956876158714294,0.531699538230896,0.27833056449890139,0.6017404198646545,0.7486259937286377]},{"TranslationKey":"props.smallGoldenhareArmour","PropName":"Small Goldenhare Armour","RelativeCFrame":[22.859375,2.4062576293945314,-9.484359741210938,-0.9155508875846863,-0.06954997032880783,-0.39614489674568179,-0.2904391288757324,0.7956731915473938,0.5315542221069336,0.27823227643966677,0.6017205715179443,-0.7486788630485535]},{"TranslationKey":"props.smallGoldenhareArmour","PropName":"Small Goldenhare Armour","RelativeCFrame":[21.625,-1.101531982421875,-3.265625,0.9760782718658447,-0.19413447380065919,-0.0978955328464508,-0.19506902992725373,-0.9807899594306946,0.000024236293029389345,-0.09601978212594986,0.019072573632001878,-0.9951969385147095]},{"TranslationKey":"props.smallGoldenhareArmour","PropName":"Small Goldenhare Armour","RelativeCFrame":[18.5,-0.6015548706054688,-5.734375,0.28868579864501955,0.028532808646559717,0.9569991230964661,0.09818646311759949,-0.9951686859130859,0.00005230357055552304,0.9523761868476868,0.09394902735948563,-0.2900928854942322]},{"TranslationKey":"props.smallGoldenhareArmour","PropName":"Small Goldenhare Armour","RelativeCFrame":[27.4375,3.8594207763671877,-10.875,-0.9155508875846863,-0.06954997032880783,-0.39614489674568179,-0.2904391288757324,0.7956731915473938,0.5315542221069336,0.27823227643966677,0.6017205715179443,-0.7486788630485535]},{"TranslationKey":"props.smallGoldenhareArmour","PropName":"Small Goldenhare Armour","RelativeCFrame":[21.046875,-0.0077972412109375,-9.9609375,0.9522029161453247,-0.2907615303993225,0.09363630414009094,-0.09788762032985687,-0.00007699682464590296,0.9951977729797363,-0.2893580198287964,-0.9567955732345581,-0.02853505127131939]},{"TranslationKey":"props.smallGoldenhareArmour","PropName":"Small Goldenhare Armour","RelativeCFrame":[18.4765625,1.1328582763671876,-5.84375,-0.2886859178543091,-0.028532959520816804,-0.9569987654685974,0.09818623214960098,-0.9951682090759277,0.00005219406739342958,-0.9523759484291077,-0.09394918382167816,0.2900926172733307]},{"TranslationKey":"props.smallGoldenhareArmour","PropName":"Small Goldenhare Armour","RelativeCFrame":[21.1640625,1.2266082763671876,-9.34375,-0.9522091746330261,-0.13913294672966004,0.2719201445579529,-0.09812866896390915,-0.7037011384963989,-0.7036874890327454,0.28925657272338869,-0.6967406272888184,0.6564170718193054]},{"TranslationKey":"props.smallGoldenhareArmour","PropName":"Small Goldenhare Armour","RelativeCFrame":[21.16412353515625,-0.7265472412109375,-9.343765258789063,-0.9522587060928345,-0.1392367035150528,-0.2716943323612213,0.09791853278875351,0.7036303877830505,-0.7037874460220337,0.2891654968261719,-0.6967909336090088,-0.6564043760299683]},{"TranslationKey":"props.smallGoldenhareArmour","PropName":"Small Goldenhare Armour","RelativeCFrame":[19.9296875,-0.4687347412109375,-8.9609375,-0.9568271636962891,-0.20567569136619569,-0.20537693798542024,-0.0002167124330298975,0.7070972919464111,-0.7071166634559631,0.290658175945282,-0.6765434741973877,-0.6766142845153809]},{"TranslationKey":"props.smallGoldenhareArmour","PropName":"Small Goldenhare Armour","RelativeCFrame":[21.15625,-0.6484222412109375,-9.3984375,0.9522226452827454,-0.024654578417539598,0.3044086992740631,-0.09798619896173477,0.9193792343139648,0.38097378611564639,-0.2892598509788513,-0.3925994336605072,0.873037576675415]},{"TranslationKey":"props.smallGoldenhareArmour","PropName":"Small Goldenhare Armour","RelativeCFrame":[24.5390625,0.25,-11.015640258789063,-0.9568108916282654,-0.29071152210235598,0.00018362791161052883,-0.00017862391541711986,-0.000044346132199279967,-1.000000238418579,0.2907116115093231,-0.9568107724189758,-0.00000974273461906705]},{"TranslationKey":"props.smallGoldenhareArmour","PropName":"Small Goldenhare Armour","RelativeCFrame":[23.4296875,-0.24994659423828126,-10.679702758789063,-0.9522029161453247,0.2907615303993225,0.09363630414009094,0.09788762032985687,0.00007699682464590296,0.9951977729797363,0.2893580198287964,0.9567955732345581,-0.02853505127131939]},{"TranslationKey":"props.smallGoldenhareArmour","PropName":"Small Goldenhare Armour","RelativeCFrame":[19.9375,-0.6015625,-6.171875,-0.2886859178543091,0.02853284403681755,-0.9569987654685974,-0.0981864333152771,-0.9951682090759277,-0.000052331783081172037,-0.9523759484291077,0.09394901245832443,0.2900925874710083]},{"TranslationKey":"props.smallGoldenhareArmour","PropName":"Small Goldenhare Armour","RelativeCFrame":[28.5078125,-2.8046646118164064,-11.65625,-0.9500448107719421,-0.3044634759426117,-0.06868135184049607,0.1875476986169815,-0.3809904456138611,-0.9053577184677124,0.2494814395904541,-0.8730112314224243,0.41905921697616579]},{"TranslationKey":"props.smallGoldenhareArmour","PropName":"Small Goldenhare Armour","RelativeCFrame":[33.2578125,3.132843017578125,-13.390625,0.9522174596786499,0.3044440746307373,-0.024415722116827966,0.09812303632497788,-0.3806431293487549,-0.9195014834403992,-0.28923049569129946,0.8731692433357239,-0.39232802391052248]},{"TranslationKey":"props.smallGoldenhareArmour","PropName":"Small Goldenhare Armour","RelativeCFrame":[32.01556396484375,-4.8827972412109379,-12.28125,-0.9156175255775452,-0.06921406835317612,0.39604949951171877,0.2901342511177063,-0.7956876158714294,0.531699538230896,0.27833056449890139,0.6017404198646545,0.7486259937286377]},{"TranslationKey":"props.smallGoldenhareArmour","PropName":"Small Goldenhare Armour","RelativeCFrame":[21.1484375,1.1484451293945313,-9.3984375,0.9522227048873901,-0.024627570062875749,-0.3044109046459198,0.09796048700809479,-0.9194482564926148,0.38081368803977969,-0.2892686128616333,-0.39243966341018679,-0.8731064796447754]},{"TranslationKey":"props.smallGoldenhareArmour","PropName":"Small Goldenhare Armour","RelativeCFrame":[28.4921875,2.6406097412109377,-11.945327758789063,0.9522174596786499,0.3044440746307373,-0.024415722116827966,0.09812303632497788,-0.3806431293487549,-0.9195014834403992,-0.28923049569129946,0.8731692433357239,-0.39232802391052248]},{"TranslationKey":"props.smallGoldenhareArmour","PropName":"Small Goldenhare Armour","RelativeCFrame":[33.21881103515625,4.2578125,-12.890625,-0.949996292591095,-0.30452409386634829,0.06908391416072846,-0.18785803020000459,0.3806355893611908,-0.9054425954818726,0.24943329393863679,-0.8731446266174316,-0.4188096523284912]},{"TranslationKey":"props.smallGoldenhareArmour","PropName":"Small Goldenhare Armour","RelativeCFrame":[22.859375,-1.9765625,-9.5,-0.9156175255775452,0.06921403110027313,-0.39604949951171877,0.2901342511177063,0.7956872582435608,-0.531699538230896,0.27833056449890139,-0.6017404198646545,-0.7486264705657959]},{"TranslationKey":"props.smallGoldenhareArmour","PropName":"Small Goldenhare Armour","RelativeCFrame":[28.46875,3.312530517578125,-11.640625,-0.949996292591095,-0.30452409386634829,0.06908391416072846,-0.18785803020000459,0.3806355893611908,-0.9054425954818726,0.24943329393863679,-0.8731446266174316,-0.4188096523284912]},{"TranslationKey":"props.smallGoldenhareArmour","PropName":"Small Goldenhare Armour","RelativeCFrame":[28.6328125,-2.156219482421875,-11.984375,-0.9522313475608826,-0.3043668568134308,0.024834340438246728,0.09783007204532623,-0.3810814321041107,-0.9193511605262756,0.28928402066230776,-0.8730050921440125,0.3926536440849304]},{"TranslationKey":"props.smallGoldenhareArmour","PropName":"Small Goldenhare Armour","RelativeCFrame":[19.9140625,0.8906402587890625,-9.015640258789063,0.9568392634391785,-0.11088018119335175,-0.2686348855495453,0.0003359339025337249,-0.9239338636398315,0.38255348801612856,-0.2906183898448944,-0.3661324381828308,-0.88401859998703]},{"TranslationKey":"props.smallSteelArmour","PropName":"Small Steel Armour","RelativeCFrame":[26.8515625,2.8203506469726564,-3.3750152587890627,-0.976078450679779,0.19413432478904725,0.0978955328464508,-0.1950691193342209,-0.980789840221405,0.000024424611183349044,0.09601974487304688,-0.019072744995355607,0.9951967597007752]},{"TranslationKey":"props.smallSteelArmour","PropName":"Small Steel Armour","RelativeCFrame":[87.53125,2.0078353881835939,-10.75,0.9949640035629273,-0.02177233062684536,-0.09784168004989624,-0.021679172292351724,-0.9997633695602417,0.0020138889085501434,-0.09786245971918106,0.0001172066040453501,-0.9952002763748169]},{"TranslationKey":"props.smallSteelArmour","PropName":"Small Steel Armour","RelativeCFrame":[73.90625,15.101593017578125,-26.187530517578126,-0.8537172675132752,-0.3532967269420624,0.3825555741786957,-0.35341885685920718,-0.14643777906894685,-0.923932671546936,0.3824428617954254,-0.9239792823791504,0.00015438911214005202]},{"TranslationKey":"props.smallSteelArmour","PropName":"Small Steel Armour","RelativeCFrame":[43.828125,-12.531211853027344,-18.5390625,-0.3534896671772003,-0.14648064970970155,-0.9238988161087036,0.8536005616188049,0.35348960757255556,-0.38263773918151858,0.38263770937919619,-0.9238985776901245,0.00008109177724691108]},{"TranslationKey":"props.smallSteelArmour","PropName":"Small Steel Armour","RelativeCFrame":[61.5234375,55.69535827636719,14.164077758789063,0.35383501648902895,0.14617566764354707,-0.9238148331642151,0.8534741997718811,0.3535759449005127,0.38283973932266238,0.3826005160808563,-0.9239138960838318,0.00035057123750448227]},{"TranslationKey":"props.smallSteelArmour","PropName":"Small Steel Armour","RelativeCFrame":[59.734375,-50.94530487060547,-35.757843017578128,-0.3534896671772003,-0.14648064970970155,-0.9238988161087036,0.8536005616188049,0.35348960757255556,-0.38263773918151858,0.38263770937919619,-0.9238985776901245,0.00008109177724691108]},{"TranslationKey":"props.smallSteelArmour","PropName":"Small Steel Armour","RelativeCFrame":[70.5625,0.2500152587890625,-13.34375,-0.9997587203979492,-0.021972743794322015,0.0001221427519340068,0.00012194086593808606,0.0000027664652861858487,1.000000238418579,-0.02197260595858097,0.9997586011886597,8.67481730892905e-8]},{"TranslationKey":"props.smallSteelArmour","PropName":"Small Steel Armour","RelativeCFrame":[23.6015625,2.1484756469726564,-2.8515625,0.9807848334312439,-0.1950933188199997,-6.784439676721377e-8,0.19509349763393403,0.9807848930358887,8.677385920918823e-8,-4.9585334949142637e-8,9.833233605149872e-8,1.0000001192092896]},{"TranslationKey":"props.smallSteelArmour","PropName":"Small Steel Armour","RelativeCFrame":[45.59375,-16.796836853027345,-20.453125,0.3534896671772003,-0.14648064970970155,0.9238988161087036,-0.8536005616188049,0.35348960757255556,0.38263773918151858,-0.38263770937919619,-0.9238985776901245,-0.00008109177724691108]},{"TranslationKey":"props.smallSteelArmour","PropName":"Small Steel Armour","RelativeCFrame":[101.4921875,-3.1405868530273439,-12.000015258789063,-0.9997658729553223,-0.02166549302637577,-0.000001802476276679954,-0.021665599197149278,0.9997654557228088,0.00017254716658499092,-0.0000018043758700514446,0.0001727221388136968,-1.0000005960464478]},{"TranslationKey":"props.smallSteelArmour","PropName":"Small Steel Armour","RelativeCFrame":[21.96875,1.8437728881835938,-2.8984375,-0.976078450679779,0.19413432478904725,0.0978955328464508,-0.1950691193342209,-0.980789840221405,0.000024424611183349044,0.09601974487304688,-0.019072744995355607,0.9951967597007752]},{"TranslationKey":"props.smallSteelArmour","PropName":"Small Steel Armour","RelativeCFrame":[57.96875,47.179718017578128,-33.84375,-0.35348981618881228,-0.1464807093143463,0.9238986968994141,-0.8536005616188049,-0.35348978638648989,-0.38263753056526186,0.38263753056526186,-0.9238986372947693,-0.00008115817763609812]},{"TranslationKey":"props.smallSteelArmour","PropName":"Small Steel Armour","RelativeCFrame":[56.82037353515625,8.031295776367188,-4.9609375,0.8537171483039856,0.3532734811306,-0.38257715106010439,0.35339561104774477,0.14655020833015443,0.923923671245575,0.38246434926986697,-0.9239703416824341,0.00026731379330158234]},{"TranslationKey":"props.smallSteelArmour","PropName":"Small Steel Armour","RelativeCFrame":[95.48443603515625,-0.32028961181640627,-12.546890258789063,-0.9997642040252686,-0.0000013021262930124067,0.021728480234742166,-0.02172858826816082,0.00012603666982613504,-0.9997642040252686,-0.000001304028387494327,-1.0000001192092896,-0.00012621165660675615]},{"TranslationKey":"props.smallSteelArmour","PropName":"Small Steel Armour","RelativeCFrame":[33.4140625,4.1015777587890629,-2.8515625,0.9807848334312439,0.1950933039188385,6.783560024814506e-8,0.19509349763393403,-0.9807852506637573,-8.681674046329135e-8,-4.9585334949142637e-8,-9.835226677523679e-8,-1.000000238418579]},{"TranslationKey":"props.smallSteelArmour","PropName":"Small Steel Armour","RelativeCFrame":[90.96881103515625,22.164108276367189,10.3359375,-0.853717565536499,0.3532736003398895,0.38257724046707156,-0.3533957302570343,0.14655010402202607,-0.9239238500595093,-0.3824644088745117,-0.9239704608917236,-0.0002674926072359085]},{"TranslationKey":"props.smallSteelArmour","PropName":"Small Steel Armour","RelativeCFrame":[28.8984375,1.750030517578125,-2.3047027587890627,-1.0000004768371583,6.78366660622487e-8,-3.556901617685071e-8,-6.435664801074381e-8,-2.0601189021363099e-7,-1.0000003576278687,6.782908457125814e-8,-1.0000001192092896,-2.0599694039447059e-7]},{"TranslationKey":"props.smallSteelArmour","PropName":"Small Steel Armour","RelativeCFrame":[53.5703125,-0.49996185302734377,-14.546875,0.9903786778450012,-0.09815029054880142,0.09755535423755646,0.09802881628274918,-5.145929549144057e-7,-0.9951838254928589,0.09767746925354004,0.9951717853546143,0.00962087232619524]},{"TranslationKey":"props.smallSteelArmour","PropName":"Small Steel Armour","RelativeCFrame":[40.84375,2.3828277587890627,-15.460952758789063,1.000000238418579,-8.108447957511089e-8,-8.793404049356468e-8,7.323161810290913e-8,-0.19512279331684113,-0.9807790517807007,-6.784439676721377e-8,0.9807788729667664,-0.19512294232845307]},{"TranslationKey":"props.smallSteelArmour","PropName":"Small Steel Armour","RelativeCFrame":[78.1640625,16.867218017578126,4.6015625,-0.853717565536499,0.3532736003398895,0.38257724046707156,-0.3533957302570343,0.14655010402202607,-0.9239238500595093,-0.3824644088745117,-0.9239704608917236,-0.0002674926072359085]},{"TranslationKey":"props.smallSteelArmour","PropName":"Small Steel Armour","RelativeCFrame":[42.8125,-10.078079223632813,-17.1171875,0.3534896671772003,-0.14648064970970155,0.9238988161087036,-0.8536005616188049,0.35348960757255556,0.38263773918151858,-0.38263770937919619,-0.9238985776901245,-0.00008109177724691108]},{"TranslationKey":"props.smallSteelArmour","PropName":"Small Steel Armour","RelativeCFrame":[56.0859375,-2.1249465942382814,-12.226577758789063,-0.9949641823768616,0.021780643612146379,-0.09783992916345597,-0.02167089469730854,-0.9997631311416626,-0.002186328638345003,-0.09786418825387955,-0.00005522276842384599,0.9951999187469482]},{"TranslationKey":"props.smallSteelArmour","PropName":"Small Steel Armour","RelativeCFrame":[87.5390625,-1.4452896118164063,-10.843765258789063,-0.9949641823768616,-0.021772196516394616,-0.09784168750047684,-0.02167927846312523,0.9997631907463074,-0.0020140833221375944,0.09786245226860047,0.00011738010653061792,-0.9952002167701721]},{"TranslationKey":"props.smallSteelArmour","PropName":"Small Steel Armour","RelativeCFrame":[56.203125,42.906280517578128,-31.9296875,-0.35348981618881228,-0.1464807093143463,0.9238986968994141,-0.8536005616188049,-0.35348978638648989,-0.38263753056526186,0.38263753056526186,-0.9238986372947693,-0.00008115817763609812]},{"TranslationKey":"props.smallSteelArmour","PropName":"Small Steel Armour","RelativeCFrame":[92.5078125,-1.3359222412109376,-11.328140258789063,-0.9949641823768616,-0.021772196516394616,-0.09784168750047684,-0.02167927846312523,0.9997631907463074,-0.0020140833221375944,0.09786245226860047,0.00011738010653061792,-0.9952002167701721]},{"TranslationKey":"props.smallSteelArmour","PropName":"Small Steel Armour","RelativeCFrame":[36.421875,2.0547332763671877,-14.734375,0.9384855628013611,0.29042157530784609,0.18681700527668,0.19521275162696839,0.00006442193262046203,-0.9807611107826233,-0.2848461866378784,0.9568988084793091,-0.05663369223475456]},{"TranslationKey":"props.smallSteelArmour","PropName":"Small Steel Armour","RelativeCFrame":[95.2421875,23.929718017578126,12.25,-0.853717565536499,0.3532736003398895,0.38257724046707156,-0.3533957302570343,0.14655010402202607,-0.9239238500595093,-0.3824644088745117,-0.9239704608917236,-0.0002674926072359085]},{"TranslationKey":"props.smallSteelArmour","PropName":"Small Steel Armour","RelativeCFrame":[80.484375,-0.6484146118164063,-12.546890258789063,-0.9997642040252686,-0.0000013021262930124067,0.021728480234742166,-0.02172858826816082,0.00012603666982613504,-0.9997642040252686,-0.000001304028387494327,-1.0000001192092896,-0.00012621165660675615]},{"TranslationKey":"props.smallSteelArmour","PropName":"Small Steel Armour","RelativeCFrame":[69.625,-12.835884094238282,0.78125,0.8535770773887634,0.3535037040710449,0.38267719745635989,-0.3535035252571106,-0.146550253033638,0.9238823652267456,0.38267701864242556,-0.923882246017456,-0.00012702288222499192]},{"TranslationKey":"props.smallSteelArmour","PropName":"Small Steel Armour","RelativeCFrame":[45.59375,17.296905517578126,-20.453155517578126,0.35348981618881228,-0.1464807093143463,-0.9238986968994141,0.8536005616188049,-0.35348978638648989,0.38263753056526186,-0.38263753056526186,-0.9238986372947693,0.00008115817763609812]},{"TranslationKey":"props.smallSteelArmour","PropName":"Small Steel Armour","RelativeCFrame":[45.6015625,-16.789039611816408,-3.046875,0.353834867477417,0.1461755931377411,0.9238148927688599,-0.8534740209579468,-0.35357609391212466,0.3828398883342743,0.3826003670692444,-0.9239139556884766,-0.00035050479345954955]},{"TranslationKey":"props.smallSteelArmour","PropName":"Small Steel Armour","RelativeCFrame":[67.6328125,-1.8749847412109376,-8.8828125,-0.9949641823768616,-0.021772196516394616,-0.09784168750047684,-0.02167927846312523,0.9997631907463074,-0.0020140833221375944,0.09786245226860047,0.00011738010653061792,-0.9952002167701721]},{"TranslationKey":"props.smallSteelArmour","PropName":"Small Steel Armour","RelativeCFrame":[28.8046875,2.3437957763671877,-11.75,-0.9292876124382019,-0.07497844099998474,-0.36166778206825259,-0.217557892203331,0.9024094343185425,0.37192246317863467,0.29848620295524599,0.4243065118789673,-0.8549095988273621]},{"TranslationKey":"props.smallSteelArmour","PropName":"Small Steel Armour","RelativeCFrame":[56.6171875,2.6796798706054689,-13.703140258789063,-0.9949641227722168,-0.021780788898468019,-0.09783992916345597,0.021670671179890634,-0.9997631907463074,0.002186489524319768,-0.09786418825387955,0.00005504918590304442,0.9951998591423035]},{"TranslationKey":"props.smallSteelArmour","PropName":"Small Steel Armour","RelativeCFrame":[33.4296875,-2.9843521118164064,-13.265625,-0.9293330907821655,0.07428161799907685,-0.36169445514678957,0.21693240106105805,0.9025143384933472,-0.3720332086086273,0.2987992465496063,-0.4242056608200073,-0.854850172996521]},{"TranslationKey":"props.smallSteelArmour","PropName":"Small Steel Armour","RelativeCFrame":[92.5390625,0.945343017578125,-10.734390258789063,-0.9949643611907959,-0.09783415496349335,-0.021807478740811349,0.021719368174672128,0.0019644168205559255,-0.9997625946998596,0.09785385429859162,-0.995201051235199,0.0001699071581242606]},{"TranslationKey":"props.smallSteelArmour","PropName":"Small Steel Armour","RelativeCFrame":[61.1015625,9.796890258789063,-20.4453125,0.8537172079086304,-0.3532967269420624,-0.3825555741786957,0.35341888666152956,-0.14643777906894685,0.923932671546936,-0.3824428617954254,-0.9239792823791504,-0.0001545083214296028]},{"TranslationKey":"props.smallSteelArmour","PropName":"Small Steel Armour","RelativeCFrame":[36.75,-5.3359222412109379,-13.765625,0.980786919593811,-0.07469409704208374,-0.18021732568740846,0.1913246512413025,0.1878233253955841,0.9633886218070984,-0.03811051696538925,-0.9793586134910584,0.19850556552410127]},{"TranslationKey":"props.smallSteelArmour","PropName":"Small Steel Armour","RelativeCFrame":[50.14849853515625,-0.41399383544921877,-15.749984741210938,-1.000000238418579,5.9379782868518308e-8,-7.882107411205652e-8,-7.323161810290913e-8,-0.19512297213077546,-0.9807789921760559,6.784439676721377e-8,-0.9807788729667664,0.19512277841567994]},{"TranslationKey":"props.smallSteelArmour","PropName":"Small Steel Armour","RelativeCFrame":[97.546875,-3.6952743530273439,-11.953140258789063,-1.000000238418579,7.323161810290913e-8,6.784439676721377e-8,-7.323161810290913e-8,1.000000238418579,-8.677385920918823e-8,6.784439676721377e-8,8.677385920918823e-8,-1.0000001192092896]},{"TranslationKey":"props.smallSteelArmour","PropName":"Small Steel Armour","RelativeCFrame":[67.66412353515625,1.484405517578125,-8.2890625,-0.9949643611907959,-0.09783415496349335,-0.021807478740811349,0.021719368174672128,0.0019644168205559255,-0.9997625946998596,0.09785385429859162,-0.995201051235199,0.0001699071581242606]},{"TranslationKey":"props.smallSteelArmour","PropName":"Small Steel Armour","RelativeCFrame":[85.54693603515625,0.250030517578125,-12.617202758789063,-0.9997587203979492,-0.021972743794322015,0.0001221427519340068,0.00012194086593808606,0.0000027664652861858487,1.000000238418579,-0.02197260595858097,0.9997586011886597,8.67481730892905e-8]},{"TranslationKey":"props.smallSteelArmour","PropName":"Small Steel Armour","RelativeCFrame":[36.28125,-0.35153961181640627,-14.765625,0.8821435570716858,-0.4709811806678772,0.000028548576665343718,0.000028486325390986168,0.00011357037874404341,1.000000238418579,-0.4709812104701996,-0.8821433186531067,0.00011375288158887997]},{"TranslationKey":"props.smallSteelArmour","PropName":"Small Steel Armour","RelativeCFrame":[53.4375,0.2500152587890625,-15.3671875,-0.9951953887939453,0.09791070222854614,0.000001815452606024337,0.0000018052014638669789,0.000037589554267469796,-1.000000238418579,-0.09791054576635361,-0.9951953887939453,-0.00003775691584451124]},{"TranslationKey"