{"RootCFrame":[353.4947204589844,123.71109771728516,666.3639526367188,0.26379650831222536,-0.000012794468602805864,0.9645786285400391,0.00006090684109949507,-0.9999998807907105,-0.000029921095119789244,0.9645786285400391,0.00006664777174592018,-0.2637966275215149],"ModelName":"2","Items":[{"TranslationKey":"props.aaTurret","PropName":"AATurret","RelativeCFrame":[18.234375,-0.1015625,3.2499847412109377,-1.2222346867929446e-7,-5.043966133655431e-9,1.0000004768371583,-1.6360579557783695e-9,-0.9999997615814209,5.043966133655431e-9,1.0000005960464478,1.6360579557783695e-9,-1.2222346867929446e-7]},{"TranslationKey":"props.birchThickWoodBeam","PropName":"BirchThickWoodBeam","RelativeCFrame":[-0.421875,9.453125,-0.000030517578125,0.9951670169830322,0.09820196032524109,-1.2222346867929446e-7,-0.09820187091827393,0.9951663017272949,-1.6360579557783695e-9,-1.4071082432565164e-7,-1.4274917248258135e-8,1.0000005960464478]},{"TranslationKey":"props.flatSeat","PropName":"FlatSeat","RelativeCFrame":[27.91412353515625,16.90625,11.656219482421875,0.8314511775970459,-0.555598795413971,1.2222346867929446e-7,-0.5555983781814575,-0.8314505219459534,1.6360579557783695e-9,-1.0255081406285172e-7,6.439512389988522e-8,-1.0000005960464478]},{"TranslationKey":"props.flatSeat","PropName":"FlatSeat","RelativeCFrame":[29.06256103515625,15.515617370605469,11.65625,-0.3826875388622284,0.9238784313201904,1.2222346867929446e-7,0.9238777160644531,0.38268718123435976,1.6360579557783695e-9,3.670449189030478e-8,-1.150257276094635e-7,-1.0000005960464478]},{"TranslationKey":"props.flatSeat","PropName":"FlatSeat","RelativeCFrame":[-5.8046875,11.289054870605469,-11.656265258789063,-0.9807855486869812,-0.19509342312812806,1.2011219041596633e-7,-0.1950932890176773,0.9807844161987305,1.6363925769979915e-9,1.0001203065712616e-7,2.1881579215232706e-8,-1.0000008344650269]},{"TranslationKey":"props.flatSeat","PropName":"FlatSeat","RelativeCFrame":[-3.5390625,15.515625,11.65625,-0.3826875388622284,0.9238784313201904,1.2222346867929446e-7,0.9238777160644531,0.38268718123435976,1.6360579557783695e-9,3.670449189030478e-8,-1.150257276094635e-7,-1.0000005960464478]},{"TranslationKey":"props.flatSeat","PropName":"FlatSeat","RelativeCFrame":[20.86724853515625,15.515625,-11.656295776367188,-0.3826875388622284,0.9238784313201904,1.2222346867929446e-7,0.9238777160644531,0.38268718123435976,1.6360579557783695e-9,3.670449189030478e-8,-1.150257276094635e-7,-1.0000005960464478]},{"TranslationKey":"props.flatSeat","PropName":"FlatSeat","RelativeCFrame":[35.3125,16.90624237060547,11.656234741210938,0.8314511775970459,-0.555598795413971,1.2222346867929446e-7,-0.5555983781814575,-0.8314505219459534,1.6360579557783695e-9,-1.0255081406285172e-7,6.439512389988522e-8,-1.0000005960464478]},{"TranslationKey":"props.flatSeat","PropName":"FlatSeat","RelativeCFrame":[20.19537353515625,12.140625,-11.65625,0.7071346640586853,0.7070796489715576,1.2222346867929446e-7,0.7070791721343994,-0.7071340680122376,1.6360579557783695e-9,-7.828042214441666e-8,-8.77297523516063e-8,-1.0000005960464478]},{"TranslationKey":"props.flatSeat","PropName":"FlatSeat","RelativeCFrame":[-6.40625,17.4296875,11.65625,-1.0000004768371583,5.043966133655431e-9,1.2222346867929446e-7,-5.043966133655431e-9,0.9999997615814209,1.6360579557783695e-9,1.2222346867929446e-7,-1.6360579557783695e-9,-1.0000005960464478]},{"TranslationKey":"props.flatSeat","PropName":"FlatSeat","RelativeCFrame":[20.1953125,12.140617370605469,11.656280517578125,-0.7071346640586853,-0.7070796489715576,1.2222346867929446e-7,-0.7070791721343994,0.7071340680122376,1.6360579557783695e-9,7.828042214441666e-8,8.77297523516063e-8,-1.0000005960464478]},{"TranslationKey":"props.flatSeat","PropName":"FlatSeat","RelativeCFrame":[34.1953125,11.2890625,11.65625,-0.9807855486869812,-0.19509342312812806,1.2011219041596633e-7,-0.1950932890176773,0.9807844161987305,1.6363925769979915e-9,1.0001203065712616e-7,2.1881579215232706e-8,-1.0000008344650269]},{"TranslationKey":"props.flatSeat","PropName":"FlatSeat","RelativeCFrame":[3.86724853515625,15.515625,11.65625,0.38268744945526125,-0.9238784313201904,1.2222346867929446e-7,-0.9238777160644531,-0.3826872408390045,1.6360579557783695e-9,-3.5882152360500189e-8,1.150257276094635e-7,-1.0000005960464478]},{"TranslationKey":"props.flatSeat","PropName":"FlatSeat","RelativeCFrame":[32.9921875,11.2890625,-11.656234741210938,0.9807851910591126,-0.19509345293045045,1.2011219041596633e-7,-0.1950932890176773,-0.9807847738265991,1.6363925769979915e-9,-9.416424973096582e-8,2.2650624487141614e-8,-1.0000008344650269]},{"TranslationKey":"props.flatSeat","PropName":"FlatSeat","RelativeCFrame":[-3.3671875,13.7265625,-11.656295776367188,-0.19512295722961427,-0.9807793498039246,1.2222346867929446e-7,-0.9807786345481873,0.19512279331684113,1.6360579557783695e-9,2.4163966827472906e-8,1.0627097424276144e-7,-1.0000005960464478]},{"TranslationKey":"props.flatSeat","PropName":"FlatSeat","RelativeCFrame":[13.6328125,13.7265625,-11.656265258789063,-0.19512295722961427,-0.9807793498039246,1.2222346867929446e-7,-0.9807786345481873,0.19512279331684113,1.6360579557783695e-9,2.4163966827472906e-8,1.0627097424276144e-7,-1.0000005960464478]},{"TranslationKey":"props.flatSeat","PropName":"FlatSeat","RelativeCFrame":[29.23443603515625,13.7265625,-11.656280517578125,-0.19512295722961427,-0.9807793498039246,1.2222346867929446e-7,-0.9807786345481873,0.19512279331684113,1.6360579557783695e-9,2.4163966827472906e-8,1.0627097424276144e-7,-1.0000005960464478]},{"TranslationKey":"props.flatSeat","PropName":"FlatSeat","RelativeCFrame":[-3.53900146484375,15.515617370605469,-11.656265258789063,0.38268744945526125,-0.9238784313201904,1.2222346867929446e-7,-0.9238777160644531,-0.3826872408390045,1.6360579557783695e-9,-3.5882152360500189e-8,1.150257276094635e-7,-1.0000005960464478]},{"TranslationKey":"props.flatSeat","PropName":"FlatSeat","RelativeCFrame":[32.99224853515625,11.289054870605469,11.65625,-0.9807855486869812,0.19509345293045045,1.2011219041596633e-7,0.1950932890176773,0.9807844161987305,1.6363925769979915e-9,9.909831533150282e-8,-2.2650624487141614e-8,-1.0000008344650269]},{"TranslationKey":"props.flatSeat","PropName":"FlatSeat","RelativeCFrame":[18,17.4296875,11.65625,-1.0000004768371583,5.043966133655431e-9,1.2222346867929446e-7,-5.043966133655431e-9,0.9999997615814209,1.6360579557783695e-9,1.2222346867929446e-7,-1.6360579557783695e-9,-1.0000005960464478]},{"TranslationKey":"props.flatSeat","PropName":"FlatSeat","RelativeCFrame":[20.86724853515625,15.515625,11.65625,0.38268744945526125,-0.9238784313201904,1.2222346867929446e-7,-0.9238777160644531,-0.3826872408390045,1.6360579557783695e-9,-3.5882152360500189e-8,1.150257276094635e-7,-1.0000005960464478]},{"TranslationKey":"props.flatSeat","PropName":"FlatSeat","RelativeCFrame":[3.8671875,15.515625,-11.656265258789063,-0.3826875388622284,0.9238784313201904,1.2222346867929446e-7,0.9238777160644531,0.38268718123435976,1.6360579557783695e-9,3.670449189030478e-8,-1.150257276094635e-7,-1.0000005960464478]},{"TranslationKey":"props.flatSeat","PropName":"FlatSeat","RelativeCFrame":[-6.40618896484375,17.4296875,-11.65625,1.0000004768371583,-5.043966133655431e-9,1.2222346867929446e-7,5.043966133655431e-9,-0.9999997615814209,1.6360579557783695e-9,-1.2222346867929446e-7,1.6360579557783695e-9,-1.0000005960464478]},{"TranslationKey":"props.flatSeat","PropName":"FlatSeat","RelativeCFrame":[4.03912353515625,13.7265625,-11.656280517578125,0.19512295722961427,0.9807793498039246,1.2222346867929446e-7,0.9807786345481873,-0.19512279331684113,1.6360579557783695e-9,-2.4163966827472906e-8,-1.0627097424276144e-7,-1.0000005960464478]},{"TranslationKey":"props.flatSeat","PropName":"FlatSeat","RelativeCFrame":[13.6328125,13.7265625,11.656234741210938,0.19512295722961427,0.9807793498039246,1.2222346867929446e-7,0.9807786345481873,-0.19512279331684113,1.6360579557783695e-9,-2.4163966827472906e-8,-1.0627097424276144e-7,-1.0000005960464478]},{"TranslationKey":"props.flatSeat","PropName":"FlatSeat","RelativeCFrame":[35.78912353515625,12.140625,11.656234741210938,-0.7071346640586853,-0.7070796489715576,1.2222346867929446e-7,-0.7070791721343994,0.7071340680122376,1.6360579557783695e-9,7.828042214441666e-8,8.77297523516063e-8,-1.0000005960464478]},{"TranslationKey":"props.flatSeat","PropName":"FlatSeat","RelativeCFrame":[24.4765625,16.90625,-11.656265258789063,-0.8314511179924011,-0.5555987358093262,1.2222346867929446e-7,-0.5555983781814575,0.8314505219459534,1.6360579557783695e-9,8.081963187578367e-8,5.475543574107178e-8,-1.0000005960464478]},{"TranslationKey":"props.flatSeat","PropName":"FlatSeat","RelativeCFrame":[29.0625,15.515625,-11.656265258789063,0.38268744945526125,-0.9238784313201904,1.2222346867929446e-7,-0.9238777160644531,-0.3826872408390045,1.6360579557783695e-9,-3.5882152360500189e-8,1.150257276094635e-7,-1.0000005960464478]},{"TranslationKey":"props.flatSeat","PropName":"FlatSeat","RelativeCFrame":[-1.265625,2.9609375,1.0702972412109376,0.19513139128684998,-0.00003454554462223314,0.9807776808738709,-0.9807769060134888,-0.00004219844049657695,0.19513125717639924,0.000034635373594937849,-1.0000005960464478,-0.00004233454092172906]},{"TranslationKey":"props.flatSeat","PropName":"FlatSeat","RelativeCFrame":[23.15631103515625,13.7265625,11.65625,-0.19512292742729188,0.9807793498039246,1.2222346867929446e-7,0.9807785749435425,0.19512279331684113,1.6360579557783695e-9,2.3394918002850319e-8,-1.2208585076223245e-7,-1.0000005960464478]},{"TranslationKey":"props.flatSeat","PropName":"FlatSeat","RelativeCFrame":[-1.8671875,15.515625,-11.65625,0.3826874792575836,0.9238784313201904,1.2222346867929446e-7,0.9238777160644531,-0.3826872408390045,1.6360579557783695e-9,-4.356116534154353e-8,-1.1145462508466153e-7,-1.0000005960464478]},{"TranslationKey":"props.flatSeat","PropName":"FlatSeat","RelativeCFrame":[21.125,-1.6484375,3.8984222412109377,0.000058420329878572377,0.8314782381057739,0.5555581450462341,-0.0000311715884890873,0.5555577874183655,-0.8314776420593262,-1.0000005960464478,0.0000310833020193968,0.000058216170145897198]},{"TranslationKey":"props.flatSeat","PropName":"FlatSeat","RelativeCFrame":[31.3984375,12.140625,-11.656234741210938,0.7071346044540405,-0.7070797085762024,1.2222346867929446e-7,-0.7070791125297546,-0.7071341276168823,1.6360579557783695e-9,-7.373469657068199e-8,9.227548503076832e-8,-1.0000005960464478]},{"TranslationKey":"props.flatSeat","PropName":"FlatSeat","RelativeCFrame":[36.46099853515625,15.515625,-11.656265258789063,-0.3826875388622284,0.9238784313201904,1.2222346867929446e-7,0.9238777160644531,0.38268718123435976,1.6360579557783695e-9,3.670449189030478e-8,-1.150257276094635e-7,-1.0000005960464478]},{"TranslationKey":"props.flatSeat","PropName":"FlatSeat","RelativeCFrame":[12.31256103515625,16.90625,-11.65631103515625,-0.8314511775970459,0.555598795413971,1.2222346867929446e-7,0.5555983781814575,0.8314505219459534,1.6360579557783695e-9,1.0255081406285172e-7,-6.439512389988522e-8,-1.0000005960464478]},{"TranslationKey":"props.flatSeat","PropName":"FlatSeat","RelativeCFrame":[-4.68743896484375,16.90624237060547,-11.656265258789063,0.8314511775970459,-0.555598795413971,1.2222346867929446e-7,-0.5555983781814575,-0.8314505219459534,1.6360579557783695e-9,-1.0255081406285172e-7,6.439512389988522e-8,-1.0000005960464478]},{"TranslationKey":"props.flatSeat","PropName":"FlatSeat","RelativeCFrame":[35.78912353515625,12.140625,-11.65625,0.7071346640586853,0.7070796489715576,1.2222346867929446e-7,0.7070791721343994,-0.7071340680122376,1.6360579557783695e-9,-7.828042214441666e-8,-8.77297523516063e-8,-1.0000005960464478]},{"TranslationKey":"props.flatSeat","PropName":"FlatSeat","RelativeCFrame":[-7.0078125,11.2890625,-11.656265258789063,-0.9807855486869812,0.19509345293045045,1.2011219041596633e-7,0.1950932890176773,0.9807844161987305,1.6363925769979915e-9,9.909831533150282e-8,-2.2650624487141614e-8,-1.0000008344650269]},{"TranslationKey":"props.flatSeat","PropName":"FlatSeat","RelativeCFrame":[29.234375,13.7265625,11.656234741210938,0.19512295722961427,0.9807793498039246,1.2222346867929446e-7,0.9807786345481873,-0.19512279331684113,1.6360579557783695e-9,-2.4163966827472906e-8,-1.0627097424276144e-7,-1.0000005960464478]},{"TranslationKey":"props.flatSeat","PropName":"FlatSeat","RelativeCFrame":[-9.4453125,13.726554870605469,-11.656280517578125,0.19512292742729188,-0.9807793498039246,1.2222346867929446e-7,-0.9807785749435425,-0.19512279331684113,1.6360579557783695e-9,-2.3394918002850319e-8,1.2208585076223245e-7,-1.0000005960464478]},{"TranslationKey":"props.flatSeat","PropName":"FlatSeat","RelativeCFrame":[21.03912353515625,13.726554870605469,-11.656280517578125,0.19512295722961427,0.9807793498039246,1.2222346867929446e-7,0.9807786345481873,-0.19512279331684113,1.6360579557783695e-9,-2.4163966827472906e-8,-1.0627097424276144e-7,-1.0000005960464478]},{"TranslationKey":"props.flatSeat","PropName":"FlatSeat","RelativeCFrame":[1.00006103515625,17.42967987060547,-11.656280517578125,-1.0000004768371583,5.043966133655431e-9,1.2222346867929446e-7,-5.043966133655431e-9,0.9999997615814209,1.6360579557783695e-9,1.2222346867929446e-7,-1.6360579557783695e-9,-1.0000005960464478]},{"TranslationKey":"props.flatSeat","PropName":"FlatSeat","RelativeCFrame":[-8.12493896484375,16.90625,-11.656280517578125,0.8314511179924011,0.5555987358093262,1.2222346867929446e-7,0.5555983781814575,-0.8314505219459534,1.6360579557783695e-9,-8.081963187578367e-8,-5.475543574107178e-8,-1.0000005960464478]},{"TranslationKey":"props.flatSeat","PropName":"FlatSeat","RelativeCFrame":[8.875,16.90625,11.65625,-0.8314511179924011,-0.5555987358093262,1.2222346867929446e-7,-0.5555983781814575,0.8314505219459534,1.6360579557783695e-9,8.081963187578367e-8,5.475543574107178e-8,-1.0000005960464478]},{"TranslationKey":"props.flatSeat","PropName":"FlatSeat","RelativeCFrame":[12.7890625,12.140617370605469,11.656234741210938,0.7071346640586853,0.7070796489715576,1.2222346867929446e-7,0.7070791721343994,-0.7071340680122376,1.6360579557783695e-9,-7.828042214441666e-8,-8.77297523516063e-8,-1.0000005960464478]},{"TranslationKey":"props.flatSeat","PropName":"FlatSeat","RelativeCFrame":[19.71875,16.90624237060547,11.656234741210938,0.8314511775970459,-0.555598795413971,1.2222346867929446e-7,-0.5555983781814575,-0.8314505219459534,1.6360579557783695e-9,-1.0255081406285172e-7,6.439512389988522e-8,-1.0000005960464478]},{"TranslationKey":"props.flatSeat","PropName":"FlatSeat","RelativeCFrame":[-4.2109375,12.140632629394532,-11.656265258789063,-0.7071346640586853,-0.7070796489715576,1.2222346867929446e-7,-0.7070791721343994,0.7071340680122376,1.6360579557783695e-9,7.828042214441666e-8,8.77297523516063e-8,-1.0000005960464478]},{"TranslationKey":"props.flatSeat","PropName":"FlatSeat","RelativeCFrame":[-1.453125,1.640625,0.2734222412109375,0.9569055438041687,0.2904011309146881,-1.2222346867929446e-7,-0.2904008626937866,0.9569048285484314,-1.6360579557783695e-9,-1.0473979727976257e-7,-3.5749998517076168e-8,1.0000005960464478]},{"TranslationKey":"props.flatSeat","PropName":"FlatSeat","RelativeCFrame":[-1.453125,2.7421875,1.0703125,5.043966133655431e-9,-1.2222346867929446e-7,1.0000004768371583,0.9999997615814209,-1.6360579557783695e-9,5.043966133655431e-9,-1.6360579557783695e-9,1.0000005960464478,-1.2222346867929446e-7]},{"TranslationKey":"props.flatSeat","PropName":"FlatSeat","RelativeCFrame":[0.48443603515625,1.4843826293945313,-0.3984527587890625,-0.923840343952179,-8.572750402890961e-7,-0.38277968764305117,0.38277938961982729,-0.000004885942871624138,-0.9238395690917969,-8.760575838095974e-7,-1.0000005960464478,0.000004931922376272269]},{"TranslationKey":"props.flatSeat","PropName":"FlatSeat","RelativeCFrame":[-1.43743896484375,1.328125,-0.0000152587890625,-0.00004100169098819606,-0.2902984619140625,-0.9569368958473206,0.000006066408332117135,-0.956936240196228,0.2902982234954834,-1.0000007152557374,0.000006097507139202207,0.000040933449781732637]},{"TranslationKey":"props.flatSeat","PropName":"FlatSeat","RelativeCFrame":[-1.35150146484375,3.3828125,0.421875,-0.13788822293281556,-0.13796408474445344,-0.9807923436164856,0.6935447454452515,0.6935042142868042,-0.19505690038204194,0.7070947289466858,-0.7071196436882019,0.00005848818182130344]},{"TranslationKey":"props.flatSeat","PropName":"FlatSeat","RelativeCFrame":[-1.2734375,2.1328201293945314,-0.601531982421875,0.9807625412940979,-0.03815934434533119,-0.1914413720369339,-0.19520725309848786,-0.19148750603199006,-0.9618867635726929,0.00004610705582308583,0.980753481388092,-0.19525274634361268]},{"TranslationKey":"props.flatSeat","PropName":"FlatSeat","RelativeCFrame":[0.4296875,1.3437576293945313,-0.437530517578125,0.2707240879535675,0.2706855535507202,-0.9238175749778748,0.653239369392395,0.6532349586486816,0.3828340768814087,0.7070977687835693,-0.7071167230606079,0.000024184970243368299]},{"TranslationKey":"props.flatSeat","PropName":"FlatSeat","RelativeCFrame":[-1.25,1.9531326293945313,0.4296875,0.20527246594429017,-0.2052680104970932,-0.9569374322891235,0.6766901612281799,-0.676622748374939,0.29029572010040285,-0.7070743441581726,-0.7071401476860046,0.000011119385817437433]},{"TranslationKey":"props.flatSeat","PropName":"FlatSeat","RelativeCFrame":[0.6640625,1.375,0.4296875,0.20527246594429017,-0.2052680104970932,-0.9569374322891235,0.6766901612281799,-0.676622748374939,0.29029572010040285,-0.7070743441581726,-0.7071401476860046,0.000011119385817437433]},{"TranslationKey":"props.flatSeat","PropName":"FlatSeat","RelativeCFrame":[0.4765625,0.75,-0.000030517578125,-0.00004100169098819606,-0.2902984619140625,-0.9569368958473206,0.000006066408332117135,-0.956936240196228,0.2902982234954834,-1.0000007152557374,0.000006097507139202207,0.000040933449781732637]},{"TranslationKey":"props.flatSeat","PropName":"FlatSeat","RelativeCFrame":[-1.453125,1.6406326293945313,-0.2734527587890625,0.9569055438041687,0.2904011309146881,-1.2222346867929446e-7,-0.2904008626937866,0.9569048285484314,-1.6360579557783695e-9,-1.0473979727976257e-7,-3.5749998517076168e-8,1.0000005960464478]},{"TranslationKey":"props.flatSeat","PropName":"FlatSeat","RelativeCFrame":[0.25,1.84375,1.078155517578125,0.5000613331794739,-0.00003767099406104535,0.8659906387329102,0.8659899234771729,0.00006508662045234814,-0.5000609755516052,-0.00003765127985388972,1.0000005960464478,0.00006498531001852825]},{"TranslationKey":"props.flatSeat","PropName":"FlatSeat","RelativeCFrame":[-1.24993896484375,1.953125,-0.4296875,0.20527230203151704,0.20526818931102754,-0.9569374322891235,0.6766902208328247,0.6766226887702942,0.29029572010040285,0.7070743441581726,-0.7071400880813599,-0.000010895712875935715]},{"TranslationKey":"props.flatSeat","PropName":"FlatSeat","RelativeCFrame":[36.63287353515625,13.726570129394532,-11.65625,0.19512295722961427,0.9807793498039246,1.2222346867929446e-7,0.9807786345481873,-0.19512279331684113,1.6360579557783695e-9,-2.4163966827472906e-8,-1.0627097424276144e-7,-1.0000005960464478]},{"TranslationKey":"props.flatSeat","PropName":"FlatSeat","RelativeCFrame":[20.20318603515625,-1.6484451293945313,1.6796875,-0.7071498036384583,0.5879764556884766,0.39271360635757449,0.00017559283878654242,0.5555599927902222,-0.8314761519432068,-0.7070644497871399,-0.5879095196723938,-0.3929675221443176]},{"TranslationKey":"props.flatSeat","PropName":"FlatSeat","RelativeCFrame":[0.48443603515625,1.484375,-0.796905517578125,-0.923840343952179,-8.572750402890961e-7,-0.38277968764305117,0.38277938961982729,-0.000004885942871624138,-0.9238395690917969,-8.760575838095974e-7,-1.0000005960464478,0.000004931922376272269]},{"TranslationKey":"props.flatSeat","PropName":"FlatSeat","RelativeCFrame":[-1.2734375,2.1328125,0.6015777587890625,0.9807626008987427,0.038137614727020267,-0.1914457082748413,-0.19520725309848786,0.19126947224140168,-0.9619301557540894,-0.00006825904711149633,0.9807969331741333,0.19503475725650788]},{"TranslationKey":"props.flatSeat","PropName":"FlatSeat","RelativeCFrame":[-1.484375,4.000007629394531,0,-0.9807855486869812,-0.19509342312812806,1.2011219041596633e-7,-0.1950932890176773,0.9807844161987305,1.6363925769979915e-9,1.0001203065712616e-7,2.1881579215232706e-8,-1.0000008344650269]},{"TranslationKey":"props.flatSeat","PropName":"FlatSeat","RelativeCFrame":[0.6875,1.59375,-1.0859527587890626,0.5000613331794739,0.0002959065604954958,-0.8659906387329102,0.8659899234771729,-0.000024197843231377193,0.5000609159469605,0.00012692762538790703,-1.0000005960464478,-0.0002681270707398653]},{"TranslationKey":"props.flatSeat","PropName":"FlatSeat","RelativeCFrame":[-1.2890625,2.0546875,-0.2109375,0.19129496812820435,0.03812539204955101,-0.9807924032211304,0.9619556069374085,0.19129487872123719,0.19505704939365388,0.1950571984052658,-0.9807924628257752,-0.0000809436387498863]},{"TranslationKey":"props.flatSeat","PropName":"FlatSeat","RelativeCFrame":[-3.3671875,13.7265625,11.65625,0.19512295722961427,0.9807793498039246,1.2222346867929446e-7,0.9807786345481873,-0.19512279331684113,1.6360579557783695e-9,-2.4163966827472906e-8,-1.0627097424276144e-7,-1.0000005960464478]},{"TranslationKey":"props.flatSeat","PropName":"FlatSeat","RelativeCFrame":[-5.453125,2.5390548706054689,0.0000152587890625,0.000009440166650165338,0.000006278785349422833,1.0000004768371583,0.9238845109939575,-0.38267087936401369,-0.000006372646112140501,0.38267117738723757,0.9238853454589844,-0.00000966370316746179]},{"TranslationKey":"props.flatSeat","PropName":"FlatSeat","RelativeCFrame":[-5.453125,2.5390548706054689,0.0000152587890625,-0.000032382828067056838,-0.000013475017112796195,1.0000004768371583,0.7071530222892761,-0.7070602178573608,0.000013386289538175334,0.7070607542991638,0.7071536183357239,0.000032196781830862167]},{"TranslationKey":"props.flatSeat","PropName":"FlatSeat","RelativeCFrame":[-1.26556396484375,2.9609375,-1.0703125,0.19513139128684998,-0.00003454554462223314,0.9807776808738709,-0.9807769060134888,-0.00004219844049657695,0.19513125717639924,0.000034635373594937849,-1.0000005960464478,-0.00004233454092172906]},{"TranslationKey":"props.flatSeat","PropName":"FlatSeat","RelativeCFrame":[-1.453125,2.7421798706054689,-1.070343017578125,5.043966133655431e-9,-1.2222346867929446e-7,1.0000004768371583,0.9999997615814209,-1.6360579557783695e-9,5.043966133655431e-9,-1.6360579557783695e-9,1.0000005960464478,-1.2222346867929446e-7]},{"TranslationKey":"props.flatSeat","PropName":"FlatSeat","RelativeCFrame":[-3.45306396484375,2.5390701293945314,-0.000030517578125,-0.000028825703338952736,0.0000057473775996186309,1.0000004768371583,-0.38266438245773318,-0.9238872528076172,-0.000005702096132154111,0.9238880276679993,-0.3826647102832794,0.000028547739930218087]},{"TranslationKey":"props.flatSeat","PropName":"FlatSeat","RelativeCFrame":[-5.453125,2.5390548706054689,0.0000152587890625,-0.000028829390430473724,-0.000005758703537139809,1.0000004768371583,0.38266444206237795,-0.9238872528076172,0.000005712189704354387,0.9238879680633545,0.3826647102832794,0.000028547739930218087]},{"TranslationKey":"props.flatSeat","PropName":"FlatSeat","RelativeCFrame":[-5.453125,2.5390548706054689,0.0000152587890625,-0.00003238223143853247,0.000013460714399116114,1.0000004768371583,-0.7071530818939209,-0.7070601582527161,-0.00001337619232799625,0.7070607542991638,-0.7071536779403687,0.000032196781830862167]},{"TranslationKey":"props.flatSeat","PropName":"FlatSeat","RelativeCFrame":[2.71875,16.90625,-11.656280517578125,-0.8314511775970459,0.555598795413971,1.2222346867929446e-7,0.5555983781814575,0.8314505219459534,1.6360579557783695e-9,1.0255081406285172e-7,-6.439512389988522e-8,-1.0000005960464478]},{"TranslationKey":"props.flatSeat","PropName":"FlatSeat","RelativeCFrame":[12.3125,16.90625,11.656234741210938,-0.8314511775970459,0.555598795413971,1.2222346867929446e-7,0.5555983781814575,0.8314505219459534,1.6360579557783695e-9,1.0255081406285172e-7,-6.439512389988522e-8,-1.0000005960464478]},{"TranslationKey":"props.flatSeat","PropName":"FlatSeat","RelativeCFrame":[-9.27337646484375,15.515625,-11.656280517578125,-0.3826875388622284,-0.9238784313201904,1.2222346867929446e-7,-0.9238777160644531,0.38268718123435976,1.6360579557783695e-9,4.438350487134812e-8,1.1145462508466153e-7,-1.0000005960464478]},{"TranslationKey":"props.flatSeat","PropName":"FlatSeat","RelativeCFrame":[-5.453125,2.5390548706054689,0.0000152587890625,0.000009421390132047236,-0.000006275099622143898,1.0000004768371583,-0.9238845109939575,-0.38267090916633608,0.000006382744231814286,0.38267114758491518,-0.9238852858543396,-0.00000966370316746179]},{"TranslationKey":"props.flatSeat","PropName":"FlatSeat","RelativeCFrame":[-1.28900146484375,2.0546875,0.2109527587890625,0.19129502773284913,-0.038125183433294299,-0.9807924032211304,0.9619556069374085,-0.191294863820076,0.19505704939365388,-0.195057213306427,-0.9807924628257752,0.00008126479224301875]},{"TranslationKey":"props.flatSeat","PropName":"FlatSeat","RelativeCFrame":[-3.45306396484375,2.5390701293945314,-0.000030517578125,-0.000028829390430473724,-0.000005758703537139809,1.0000004768371583,0.38266444206237795,-0.9238872528076172,0.000005712189704354387,0.9238879680633545,0.3826647102832794,0.000028547739930218087]},{"TranslationKey":"props.flatSeat","PropName":"FlatSeat","RelativeCFrame":[30.55474853515625,13.726554870605469,-11.656265258789063,-0.19512292742729188,0.9807793498039246,1.2222346867929446e-7,0.9807785749435425,0.19512279331684113,1.6360579557783695e-9,2.3394918002850319e-8,-1.2208585076223245e-7,-1.0000005960464478]},{"TranslationKey":"props.flatSeat","PropName":"FlatSeat","RelativeCFrame":[13.46099853515625,15.515625,-11.656265258789063,0.38268744945526125,-0.9238784313201904,1.2222346867929446e-7,-0.9238777160644531,-0.3826872408390045,1.6360579557783695e-9,-3.5882152360500189e-8,1.150257276094635e-7,-1.0000005960464478]},{"TranslationKey":"props.flatSeat","PropName":"FlatSeat","RelativeCFrame":[-4.2109375,12.140625,11.656280517578125,0.7071346640586853,0.7070796489715576,1.2222346867929446e-7,0.7070791721343994,-0.7071340680122376,1.6360579557783695e-9,-7.828042214441666e-8,-8.77297523516063e-8,-1.0000005960464478]},{"TranslationKey":"props.flatSeat","PropName":"FlatSeat","RelativeCFrame":[3.19537353515625,12.140625,-11.65625,0.7071346640586853,0.7070796489715576,1.2222346867929446e-7,0.7070791721343994,-0.7071340680122376,1.6360579557783695e-9,-7.828042214441666e-8,-8.77297523516063e-8,-1.0000005960464478]},{"TranslationKey":"props.flatSeat","PropName":"FlatSeat","RelativeCFrame":[-1.3515625,3.3828125,-0.4218902587890625,-0.13788819313049317,0.13796424865722657,-0.9807925224304199,0.693544864654541,-0.6935044527053833,-0.19505693018436433,-0.707094669342041,-0.7071198225021362,-0.00005831256930832751]},{"TranslationKey":"props.flatSeat","PropName":"FlatSeat","RelativeCFrame":[2.71881103515625,16.90625,11.65625,0.8314511775970459,-0.555598795413971,1.2222346867929446e-7,-0.5555983781814575,-0.8314505219459534,1.6360579557783695e-9,-1.0255081406285172e-7,6.439512389988522e-8,-1.0000005960464478]},{"TranslationKey":"props.flatSeat","PropName":"FlatSeat","RelativeCFrame":[-5.453125,2.5390548706054689,0.0000152587890625,-0.00002862226392608136,0.0000056642834351805508,1.0000004768371583,0.38266441226005556,0.9238871335983276,0.0000057121910685964398,-0.9238879680633545,0.3826647400856018,-0.00002885179128497839]},{"TranslationKey":"props.flatSeat","PropName":"FlatSeat","RelativeCFrame":[-1.296875,2.0390625,0,-0.980781614780426,0.0000012156531283835648,-0.19511272013187409,0.19511257112026215,0.000011266911315033213,-0.980780839920044,0.0000012128706430303283,-1.0000007152557374,-0.000011538566468516365]},{"TranslationKey":"props.flatSeat","PropName":"FlatSeat","RelativeCFrame":[-3.45306396484375,2.5390701293945314,-0.000030517578125,1.2222346867929446e-7,-5.043966133655431e-9,-1.0000004768371583,1.6360579557783695e-9,-0.9999997615814209,-5.043966133655431e-9,-1.0000005960464478,1.6360579557783695e-9,1.2222346867929446e-7]},{"TranslationKey":"props.flatSeat","PropName":"FlatSeat","RelativeCFrame":[15.13287353515625,15.515625,-11.656265258789063,0.3826874792575836,0.9238784313201904,1.2222346867929446e-7,0.9238777160644531,-0.3826872408390045,1.6360579557783695e-9,-4.356116534154353e-8,-1.1145462508466153e-7,-1.0000005960464478]},{"TranslationKey":"props.flatSeat","PropName":"FlatSeat","RelativeCFrame":[14.96099853515625,13.726554870605469,11.656234741210938,0.19512292742729188,-0.9807793498039246,1.2222346867929446e-7,-0.9807785749435425,-0.19512279331684113,1.6360579557783695e-9,-2.3394918002850319e-8,1.2208585076223245e-7,-1.0000005960464478]},{"TranslationKey":"props.flatSeat","PropName":"FlatSeat","RelativeCFrame":[4.0390625,13.726554870605469,11.656265258789063,-0.19512295722961427,-0.9807793498039246,1.2222346867929446e-7,-0.9807786345481873,0.19512279331684113,1.6360579557783695e-9,2.4163966827472906e-8,1.0627097424276144e-7,-1.0000005960464478]},{"TranslationKey":"props.flatSeat","PropName":"FlatSeat","RelativeCFrame":[31.87506103515625,16.90625,-11.656280517578125,-0.8314511179924011,-0.5555987358093262,1.2222346867929446e-7,-0.5555983781814575,0.8314505219459534,1.6360579557783695e-9,8.081963187578367e-8,5.475543574107178e-8,-1.0000005960464478]},{"TranslationKey":"props.flatSeat","PropName":"FlatSeat","RelativeCFrame":[-0.71868896484375,16.90624237060547,11.656234741210938,-0.8314511179924011,-0.5555987358093262,1.2222346867929446e-7,-0.5555983781814575,0.8314505219459534,1.6360579557783695e-9,8.081963187578367e-8,5.475543574107178e-8,-1.0000005960464478]},{"TranslationKey":"props.flatSeat","PropName":"FlatSeat","RelativeCFrame":[24.00006103515625,12.140625,-11.656265258789063,0.7071346044540405,-0.7070797085762024,1.2222346867929446e-7,-0.7070791125297546,-0.7071341276168823,1.6360579557783695e-9,-7.373469657068199e-8,9.227548503076832e-8,-1.0000005960464478]},{"TranslationKey":"props.flatSeat","PropName":"FlatSeat","RelativeCFrame":[8.3984375,12.140625,11.656265258789063,0.7071346044540405,-0.7070797085762024,1.2222346867929446e-7,-0.7070791125297546,-0.7071341276168823,1.6360579557783695e-9,-7.373469657068199e-8,9.227548503076832e-8,-1.0000005960464478]},{"TranslationKey":"props.flatSeat","PropName":"FlatSeat","RelativeCFrame":[36.4609375,15.515625,11.65625,0.38268744945526125,-0.9238784313201904,1.2222346867929446e-7,-0.9238777160644531,-0.3826872408390045,1.6360579557783695e-9,-3.5882152360500189e-8,1.150257276094635e-7,-1.0000005960464478]},{"TranslationKey":"props.flatSeat","PropName":"FlatSeat","RelativeCFrame":[-3.45306396484375,2.5390701293945314,-0.000030517578125,0.000009440166650165338,0.000006278785349422833,1.0000004768371583,0.9238845109939575,-0.38267087936401369,-0.000006372646112140501,0.38267117738723757,0.9238853454589844,-0.00000966370316746179]},{"TranslationKey":"props.flatSeat","PropName":"FlatSeat","RelativeCFrame":[10.59381103515625,17.42967987060547,-11.656265258789063,-1.0000004768371583,5.043966133655431e-9,1.2222346867929446e-7,-5.043966133655431e-9,0.9999997615814209,1.6360579557783695e-9,1.2222346867929446e-7,-1.6360579557783695e-9,-1.0000005960464478]},{"TranslationKey":"props.flatSeat","PropName":"FlatSeat","RelativeCFrame":[-1.86712646484375,15.515625,11.65625,-0.3826875388622284,-0.9238784313201904,1.2222346867929446e-7,-0.9238777160644531,0.38268718123435976,1.6360579557783695e-9,4.438350487134812e-8,1.1145462508466153e-7,-1.0000005960464478]},{"TranslationKey":"props.flatSeat","PropName":"FlatSeat","RelativeCFrame":[8.3984375,12.140625,-11.65625,0.7071346044540405,-0.7070797085762024,1.2222346867929446e-7,-0.7070791125297546,-0.7071341276168823,1.6360579557783695e-9,-7.373469657068199e-8,9.227548503076832e-8,-1.0000005960464478]},{"TranslationKey":"props.flatSeat","PropName":"FlatSeat","RelativeCFrame":[12.7890625,12.140625,-11.656265258789063,-0.7071346640586853,-0.7070796489715576,1.2222346867929446e-7,-0.7070791721343994,0.7071340680122376,1.6360579557783695e-9,7.828042214441666e-8,8.77297523516063e-8,-1.0000005960464478]},{"TranslationKey":"props.flatSeat","PropName":"FlatSeat","RelativeCFrame":[-0.71875,16.90625,-11.656295776367188,-0.8314511179924011,-0.5555987358093262,1.2222346867929446e-7,-0.5555983781814575,0.8314505219459534,1.6360579557783695e-9,8.081963187578367e-8,5.475543574107178e-8,-1.0000005960464478]},{"TranslationKey":"props.flatSeat","PropName":"FlatSeat","RelativeCFrame":[30.72662353515625,15.515625,-11.656265258789063,0.3826874792575836,0.9238784313201904,1.2222346867929446e-7,0.9238777160644531,-0.3826872408390045,1.6360579557783695e-9,-4.356116534154353e-8,-1.1145462508466153e-7,-1.0000005960464478]},{"TranslationKey":"props.flatSeat","PropName":"FlatSeat","RelativeCFrame":[-3.45306396484375,2.5390701293945314,-0.000030517578125,-0.00003238223143853247,0.000013460714399116114,1.0000004768371583,-0.7071530818939209,-0.7070601582527161,-0.00001337619232799625,0.7070607542991638,-0.7071536779403687,0.000032196781830862167]},{"TranslationKey":"props.flatSeat","PropName":"FlatSeat","RelativeCFrame":[-3.45306396484375,2.5390701293945314,-0.000030517578125,0.000009421390132047236,-0.000006275099622143898,1.0000004768371583,-0.9238845109939575,-0.38267090916633608,0.000006382744231814286,0.38267114758491518,-0.9238852858543396,-0.00000966370316746179]},{"TranslationKey":"props.flatSeat","PropName":"FlatSeat","RelativeCFrame":[7.5546875,13.7265625,-11.656265258789063,0.19512292742729188,-0.9807793498039246,1.2222346867929446e-7,-0.9807785749435425,-0.19512279331684113,1.6360579557783695e-9,-2.3394918002850319e-8,1.2208585076223245e-7,-1.0000005960464478]},{"TranslationKey":"props.flatSeat","PropName":"FlatSeat","RelativeCFrame":[-5.8046875,11.2890625,11.656280517578125,0.9807851910591126,0.19509342312812806,1.2011219041596633e-7,0.1950932890176773,-0.9807847738265991,1.6363925769979915e-9,-9.507796505658917e-8,-2.1881579215232706e-8,-1.0000008344650269]},{"TranslationKey":"props.flatSeat","PropName":"FlatSeat","RelativeCFrame":[31.875,16.90625,11.65625,0.8314511179924011,0.5555987358093262,1.2222346867929446e-7,0.5555983781814575,-0.8314505219459534,1.6360579557783695e-9,-8.081963187578367e-8,-5.475543574107178e-8,-1.0000005960464478]},{"TranslationKey":"props.flatSeat","PropName":"FlatSeat","RelativeCFrame":[15.13287353515625,15.515625,11.656265258789063,-0.3826875388622284,-0.9238784313201904,1.2222346867929446e-7,-0.9238777160644531,0.38268718123435976,1.6360579557783695e-9,4.438350487134812e-8,1.1145462508466153e-7,-1.0000005960464478]},{"TranslationKey":"props.flatSeat","PropName":"FlatSeat","RelativeCFrame":[-8.6015625,12.140625,11.656265258789063,0.7071346044540405,-0.7070797085762024,1.2222346867929446e-7,-0.7070791125297546,-0.7071341276168823,1.6360579557783695e-9,-7.373469657068199e-8,9.227548503076832e-8,-1.0000005960464478]},{"TranslationKey":"props.flatSeat","PropName":"FlatSeat","RelativeCFrame":[-8.125,16.90625,11.656219482421875,-0.8314511179924011,-0.5555987358093262,1.2222346867929446e-7,-0.5555983781814575,0.8314505219459534,1.6360579557783695e-9,8.081963187578367e-8,5.475543574107178e-8,-1.0000005960464478]},{"TranslationKey":"props.flatSeat","PropName":"FlatSeat","RelativeCFrame":[3.1953125,12.140625,11.656265258789063,-0.7071346640586853,-0.7070796489715576,1.2222346867929446e-7,-0.7070791721343994,0.7071340680122376,1.6360579557783695e-9,7.828042214441666e-8,8.77297523516063e-8,-1.0000005960464478]},{"TranslationKey":"props.flatSeat","PropName":"FlatSeat","RelativeCFrame":[23.32818603515625,15.515625,11.656280517578125,0.3826874792575836,0.9238784313201904,1.2222346867929446e-7,0.9238777160644531,-0.3826872408390045,1.6360579557783695e-9,-4.356116534154353e-8,-1.1145462508466153e-7,-1.0000005960464478]},{"TranslationKey":"props.flatSeat","PropName":"FlatSeat","RelativeCFrame":[17.98443603515625,-1.6484375,0.7578125,-1.0000004768371583,1.0426930430185166e-7,7.00631801464624e-8,-5.043966133655431e-9,0.5555554628372192,-0.8314791917800903,1.2222346867929446e-7,-0.8314798474311829,-0.5555558800697327]},{"TranslationKey":"props.flatSeat","PropName":"FlatSeat","RelativeCFrame":[20.20318603515625,-1.6484375,6.125,0.7071227431297302,0.5879407525062561,0.3928159475326538,-0.00006466628838097677,0.5555909872055054,-0.831455647945404,-0.7070918679237366,0.5879157781600952,0.39290904998779299]},{"TranslationKey":"props.flatSeat","PropName":"FlatSeat","RelativeCFrame":[17.984375,-1.6484375,7.046875,1.0000004768371583,-9.002701517601963e-8,-7.804780466358352e-8,5.043966133655431e-9,0.5555554628372192,-0.8314791917800903,-1.2222346867929446e-7,0.8314799666404724,0.5555559396743774]},{"TranslationKey":"props.flatSeat","PropName":"FlatSeat","RelativeCFrame":[15.75787353515625,-1.6484375,6.1171722412109379,0.7070683836936951,-0.587890088558197,-0.3929893970489502,-0.0001946663105627522,0.5555782318115234,-0.8314639925956726,0.7071458101272583,0.5879786610603333,0.39271751046180727]},{"TranslationKey":"props.flatSeat","PropName":"FlatSeat","RelativeCFrame":[-1.1953125,12.140625,11.65625,0.7071346044540405,-0.7070797085762024,1.2222346867929446e-7,-0.7070791125297546,-0.7071341276168823,1.6360579557783695e-9,-7.373469657068199e-8,9.227548503076832e-8,-1.0000005960464478]},{"TranslationKey":"props.flatSeat","PropName":"FlatSeat","RelativeCFrame":[-4.6875,16.90625,11.656265258789063,-0.8314511775970459,0.555598795413971,1.2222346867929446e-7,0.5555983781814575,0.8314505219459534,1.6360579557783695e-9,1.0255081406285172e-7,-6.439512389988522e-8,-1.0000005960464478]},{"TranslationKey":"props.flatSeat","PropName":"FlatSeat","RelativeCFrame":[19.71881103515625,16.90625,-11.656265258789063,-0.8314511775970459,0.555598795413971,1.2222346867929446e-7,0.5555983781814575,0.8314505219459534,1.6360579557783695e-9,1.0255081406285172e-7,-6.439512389988522e-8,-1.0000005960464478]},{"TranslationKey":"props.flatSeat","PropName":"FlatSeat","RelativeCFrame":[-5.453125,2.5390548706054689,0.0000152587890625,-5.043966133655431e-9,-1.2222346867929446e-7,-1.0000004768371583,-0.9999997615814209,-1.6360579557783695e-9,-5.043966133655431e-9,1.6360579557783695e-9,1.0000005960464478,1.2222346867929446e-7]},{"TranslationKey":"props.flatSeat","PropName":"FlatSeat","RelativeCFrame":[-9.44525146484375,13.7265625,11.656234741210938,-0.19512292742729188,0.9807793498039246,1.2222346867929446e-7,0.9807785749435425,0.19512279331684113,1.6360579557783695e-9,2.3394918002850319e-8,-1.2208585076223245e-7,-1.0000005960464478]},{"TranslationKey":"props.flatSeat","PropName":"FlatSeat","RelativeCFrame":[-5.453125,2.5390548706054689,0.0000152587890625,1.2222346867929446e-7,-5.043966133655431e-9,-1.0000004768371583,1.6360579557783695e-9,-0.9999997615814209,-5.043966133655431e-9,-1.0000005960464478,1.6360579557783695e-9,1.2222346867929446e-7]},{"TranslationKey":"props.flatSeat","PropName":"FlatSeat","RelativeCFrame":[30.55474853515625,13.726570129394532,11.656234741210938,0.19512292742729188,-0.9807793498039246,1.2222346867929446e-7,-0.9807785749435425,-0.19512279331684113,1.6360579557783695e-9,-2.3394918002850319e-8,1.2208585076223245e-7,-1.0000005960464478]},{"TranslationKey":"props.flatSeat","PropName":"FlatSeat","RelativeCFrame":[15.8046875,12.140625,-11.656265258789063,0.7071346044540405,-0.7070797085762024,1.2222346867929446e-7,-0.7070791125297546,-0.7071341276168823,1.6360579557783695e-9,-7.373469657068199e-8,9.227548503076832e-8,-1.0000005960464478]},{"TranslationKey":"props.flatSeat","PropName":"FlatSeat","RelativeCFrame":[13.4609375,15.515625,11.656265258789063,-0.3826875388622284,0.9238784313201904,1.2222346867929446e-7,0.9238777160644531,0.38268718123435976,1.6360579557783695e-9,3.670449189030478e-8,-1.150257276094635e-7,-1.0000005960464478]},{"TranslationKey":"props.flatSeat","PropName":"FlatSeat","RelativeCFrame":[7.72662353515625,15.515617370605469,-11.65625,-0.3826875388622284,-0.9238784313201904,1.2222346867929446e-7,-0.9238777160644531,0.38268718123435976,1.6360579557783695e-9,4.438350487134812e-8,1.1145462508466153e-7,-1.0000005960464478]},{"TranslationKey":"props.flatSeat","PropName":"