{"RootCFrame":[-287.166015625,148.4329071044922,689.227294921875,0.7208709716796875,-0.0038763845805078747,-0.693058431148529,-0.0007754082325845957,0.9999792575836182,-0.006399566773325205,0.69306880235672,0.005150665063410997,0.7208530306816101],"ModelName":"2","Items":[{"RelativeCFrame":[-11.15625,27.828125,1,-8.362743386669536e-9,-1.757163858862043e-11,-0.9999998807907105,4.535888609158434e-10,-1.0000001192092896,-1.757163858862043e-11,-1,4.535888609158434e-10,-8.362743386669536e-9],"PropName":"Amateur's Pilot Seat"},{"RelativeCFrame":[-11.156219482421875,24.828125,-1,8.362743386669536e-9,1.757163858862043e-11,-0.9999998807907105,-4.535888609158434e-10,1.0000001192092896,-1.757163858862043e-11,1,-4.535888609158434e-10,-8.362743386669536e-9],"PropName":"Amateur's Pilot Seat"},{"RelativeCFrame":[-11.15625,24.828125,0,8.362743386669536e-9,1.757163858862043e-11,-0.9999998807907105,-4.535888609158434e-10,1.0000001192092896,-1.757163858862043e-11,1,-4.535888609158434e-10,-8.362743386669536e-9],"PropName":"Amateur's Pilot Seat"},{"RelativeCFrame":[-11.15625,24.828125,0,8.362743386669536e-9,1.757163858862043e-11,-0.9999998807907105,-4.535888609158434e-10,1.0000001192092896,-1.757163858862043e-11,1,-4.535888609158434e-10,-8.362743386669536e-9],"PropName":"Amateur's Pilot Seat"},{"RelativeCFrame":[-11.15625,27.828125,-0.99993896484375,-8.362743386669536e-9,-1.757163858862043e-11,-0.9999998807907105,4.535888609158434e-10,-1.0000001192092896,-1.757163858862043e-11,-1,4.535888609158434e-10,-8.362743386669536e-9],"PropName":"Amateur's Pilot Seat"},{"RelativeCFrame":[-11.156219482421875,24.828125,-1,8.362743386669536e-9,1.757163858862043e-11,-0.9999998807907105,-4.535888609158434e-10,1.0000001192092896,-1.757163858862043e-11,1,-4.535888609158434e-10,-8.362743386669536e-9],"PropName":"Amateur's Pilot Seat"},{"RelativeCFrame":[-11.156219482421875,24.828125,-1,8.362743386669536e-9,1.757163858862043e-11,-0.9999998807907105,-4.535888609158434e-10,1.0000001192092896,-1.757163858862043e-11,1,-4.535888609158434e-10,-8.362743386669536e-9],"PropName":"Amateur's Pilot Seat"},{"RelativeCFrame":[-11.156219482421875,24.828125,-1,8.362743386669536e-9,1.757163858862043e-11,-0.9999998807907105,-4.535888609158434e-10,1.0000001192092896,-1.757163858862043e-11,1,-4.535888609158434e-10,-8.362743386669536e-9],"PropName":"Amateur's Pilot Seat"},{"RelativeCFrame":[-11.15625,27.828125,-0.99993896484375,-8.362743386669536e-9,-1.757163858862043e-11,-0.9999998807907105,4.535888609158434e-10,-1.0000001192092896,-1.757163858862043e-11,-1,4.535888609158434e-10,-8.362743386669536e-9],"PropName":"Amateur's Pilot Seat"},{"RelativeCFrame":[-11.15625,27.828125,-0.99993896484375,-8.362743386669536e-9,-1.757163858862043e-11,-0.9999998807907105,4.535888609158434e-10,-1.0000001192092896,-1.757163858862043e-11,-1,4.535888609158434e-10,-8.362743386669536e-9],"PropName":"Amateur's Pilot Seat"},{"RelativeCFrame":[-11.156219482421875,24.828125,-1,8.362743386669536e-9,1.757163858862043e-11,-0.9999998807907105,-4.535888609158434e-10,1.0000001192092896,-1.757163858862043e-11,1,-4.535888609158434e-10,-8.362743386669536e-9],"PropName":"Amateur's Pilot Seat"},{"RelativeCFrame":[-11.15625,27.828125,1,-8.362743386669536e-9,-1.757163858862043e-11,-0.9999998807907105,4.535888609158434e-10,-1.0000001192092896,-1.757163858862043e-11,-1,4.535888609158434e-10,-8.362743386669536e-9],"PropName":"Amateur's Pilot Seat"},{"RelativeCFrame":[-11.156219482421875,24.828125,1.00006103515625,8.362743386669536e-9,1.757163858862043e-11,-0.9999998807907105,-4.535888609158434e-10,1.0000001192092896,-1.757163858862043e-11,1,-4.535888609158434e-10,-8.362743386669536e-9],"PropName":"Amateur's Pilot Seat"},{"RelativeCFrame":[-11.15625,27.828125,1,-8.362743386669536e-9,-1.757163858862043e-11,-0.9999998807907105,4.535888609158434e-10,-1.0000001192092896,-1.757163858862043e-11,-1,4.535888609158434e-10,-8.362743386669536e-9],"PropName":"Amateur's Pilot Seat"},{"RelativeCFrame":[-11.15625,24.828125,0,8.362743386669536e-9,1.757163858862043e-11,-0.9999998807907105,-4.535888609158434e-10,1.0000001192092896,-1.757163858862043e-11,1,-4.535888609158434e-10,-8.362743386669536e-9],"PropName":"Amateur's Pilot Seat"},{"RelativeCFrame":[-11.15625,27.828125,1,-8.362743386669536e-9,-1.757163858862043e-11,-0.9999998807907105,4.535888609158434e-10,-1.0000001192092896,-1.757163858862043e-11,-1,4.535888609158434e-10,-8.362743386669536e-9],"PropName":"Amateur's Pilot Seat"},{"RelativeCFrame":[-11.15625,27.828125,1,-8.362743386669536e-9,-1.757163858862043e-11,-0.9999998807907105,4.535888609158434e-10,-1.0000001192092896,-1.757163858862043e-11,-1,4.535888609158434e-10,-8.362743386669536e-9],"PropName":"Amateur's Pilot Seat"},{"RelativeCFrame":[-11.15625,24.828125,0,8.362743386669536e-9,1.757163858862043e-11,-0.9999998807907105,-4.535888609158434e-10,1.0000001192092896,-1.757163858862043e-11,1,-4.535888609158434e-10,-8.362743386669536e-9],"PropName":"Amateur's Pilot Seat"},{"RelativeCFrame":[-11.15625,27.828125,-0.99993896484375,-8.362743386669536e-9,-1.757163858862043e-11,-0.9999998807907105,4.535888609158434e-10,-1.0000001192092896,-1.757163858862043e-11,-1,4.535888609158434e-10,-8.362743386669536e-9],"PropName":"Amateur's Pilot Seat"},{"RelativeCFrame":[-11.156219482421875,24.828125,-1,8.362743386669536e-9,1.757163858862043e-11,-0.9999998807907105,-4.535888609158434e-10,1.0000001192092896,-1.757163858862043e-11,1,-4.535888609158434e-10,-8.362743386669536e-9],"PropName":"Amateur's Pilot Seat"},{"RelativeCFrame":[-11.15625,27.828125,1,-8.362743386669536e-9,-1.757163858862043e-11,-0.9999998807907105,4.535888609158434e-10,-1.0000001192092896,-1.757163858862043e-11,-1,4.535888609158434e-10,-8.362743386669536e-9],"PropName":"Amateur's Pilot Seat"},{"RelativeCFrame":[-11.15625,27.828125,-0.99993896484375,-8.362743386669536e-9,-1.757163858862043e-11,-0.9999998807907105,4.535888609158434e-10,-1.0000001192092896,-1.757163858862043e-11,-1,4.535888609158434e-10,-8.362743386669536e-9],"PropName":"Amateur's Pilot Seat"},{"RelativeCFrame":[-11.15625,24.828125,0,8.362743386669536e-9,1.757163858862043e-11,-0.9999998807907105,-4.535888609158434e-10,1.0000001192092896,-1.757163858862043e-11,1,-4.535888609158434e-10,-8.362743386669536e-9],"PropName":"Amateur's Pilot Seat"},{"RelativeCFrame":[-11.15625,27.828125,-0.99993896484375,-8.362743386669536e-9,-1.757163858862043e-11,-0.9999998807907105,4.535888609158434e-10,-1.0000001192092896,-1.757163858862043e-11,-1,4.535888609158434e-10,-8.362743386669536e-9],"PropName":"Amateur's Pilot Seat"},{"TranslationKey":"props.blacksteelArmour","PropName":"BlacksteelArmour","RelativeCFrame":[25.25,25.7265625,-20.5,-1.757163858862043e-11,8.362743386669536e-9,-0.9999998807907105,-1.0000001192092896,-4.535888609158434e-10,-1.757163858862043e-11,4.535888609158434e-10,1,-8.362743386669536e-9]},{"TranslationKey":"props.blacksteelArmour","PropName":"BlacksteelArmour","RelativeCFrame":[22.953125,26.328125,-2.29681396484375,-0.9999998807907105,-8.362743386669536e-9,-1.757163858862043e-11,-1.757163858862043e-11,4.535888609158434e-10,-1.0000001192092896,-8.362743386669536e-9,-1,4.535888609158434e-10]},{"TranslationKey":"props.blacksteelArmour","PropName":"BlacksteelArmour","RelativeCFrame":[-9.156280517578125,23.328140258789064,0,-8.362743386669536e-9,1.757163858862043e-11,0.9999998807907105,4.535888609158434e-10,1.0000001192092896,1.757163858862043e-11,-1,-4.535888609158434e-10,8.362743386669536e-9]},{"TranslationKey":"props.blacksteelArmour","PropName":"BlacksteelArmour","RelativeCFrame":[19.734375,23.625,-5.8359375,-0.00021970769739709795,0.09789589047431946,-0.9951965808868408,0.09801740944385529,-0.9904024600982666,-0.09744593501091004,-0.9951847791671753,-0.09756800532341004,-0.009377963840961457]},{"TranslationKey":"props.blacksteelArmour","PropName":"BlacksteelArmour","RelativeCFrame":[19.734375,29.03125,-5.8359375,-0.0002197426074417308,-0.09789589047431946,-0.995196521282196,-0.09801740944385529,-0.9904025793075562,0.09744592756032944,-0.9951847195625305,0.09756800532341004,-0.009377987124025822]},{"TranslationKey":"props.blacksteelArmour","PropName":"BlacksteelArmour","RelativeCFrame":[27.1953125,24.5546875,7.75,0.9951971173286438,-0.0978906974196434,0.00002708334068302065,0.09741708636283875,0.9904093146324158,0.09797661751508713,-0.00961783155798912,-0.0975034162402153,0.9951887726783752]},{"TranslationKey":"props.blacksteelArmour","PropName":"BlacksteelArmour","RelativeCFrame":[22.953125,26.328125,2.296875,-0.9999998807907105,-8.362743386669536e-9,-1.757163858862043e-11,-1.757163858862043e-11,4.535888609158434e-10,-1.0000001192092896,-8.362743386669536e-9,-1,4.535888609158434e-10]},{"TranslationKey":"props.blacksteelArmour","PropName":"BlacksteelArmour","RelativeCFrame":[19.734375,23.625,5.82818603515625,-0.00014485942665487528,0.09791375696659088,-0.9951947927474976,-0.09803523868322373,-0.9904025197029114,-0.09742797911167145,-0.995182991027832,0.09755007177591324,0.00974246859550476]},{"TranslationKey":"props.blacksteelArmour","PropName":"BlacksteelArmour","RelativeCFrame":[25.25,25.726577758789064,20.5,-1.757163858862043e-11,8.362743386669536e-9,-0.9999998807907105,-1.0000001192092896,-4.535888609158434e-10,-1.757163858862043e-11,4.535888609158434e-10,1,-8.362743386669536e-9]},{"TranslationKey":"props.blacksteelArmour","PropName":"BlacksteelArmour","RelativeCFrame":[27.1953125,28.101547241210939,7.75006103515625,0.9951971769332886,0.0978906899690628,0.000027069390853284859,-0.09741707891225815,0.9904093146324158,-0.09797661751508713,-0.009617848321795464,0.0975034162402153,0.9951887130737305]},{"TranslationKey":"props.blacksteelArmour","PropName":"BlacksteelArmour","RelativeCFrame":[19.953155517578126,31.921890258789064,-0.39837646484375,8.362743386669536e-9,1.757163858862043e-11,-0.9999998807907105,-4.535888609158434e-10,1.0000001192092896,-1.757163858862043e-11,1,-4.535888609158434e-10,-8.362743386669536e-9]},{"TranslationKey":"props.blacksteelArmour","PropName":"BlacksteelArmour","RelativeCFrame":[27.953125,26.328125,-2.296875,0.9999998807907105,8.362743386669536e-9,-1.757163858862043e-11,1.757163858862043e-11,-4.535888609158434e-10,-1.0000001192092896,8.362743386669536e-9,1,4.535888609158434e-10]},{"TranslationKey":"props.blacksteelArmour","PropName":"BlacksteelArmour","RelativeCFrame":[24.7109375,25.046890258789064,15.2421875,-0.00021971580281388015,-0.09789589047431946,-0.9951966404914856,0.09801740944385529,0.9904025197029114,-0.09744593501091004,0.9951847791671753,-0.09756799787282944,0.009377878159284592]},{"TranslationKey":"props.blacksteelArmour","PropName":"BlacksteelArmour","RelativeCFrame":[27.953094482421876,26.328125,2.296875,0.9999998807907105,8.362743386669536e-9,-1.757163858862043e-11,1.757163858862043e-11,-4.535888609158434e-10,-1.0000001192092896,8.362743386669536e-9,1,4.535888609158434e-10]},{"TranslationKey":"props.blacksteelArmour","PropName":"BlacksteelArmour","RelativeCFrame":[27.1015625,27.140625,-7.66400146484375,0.95689857006073,0.2904217839241028,-0.00027253932785242796,0.28899797797203066,-0.9522995352745056,-0.09801086038351059,-0.028724050149321557,0.09370770305395127,-0.9951854944229126]},{"TranslationKey":"props.blacksteelArmour","PropName":"BlacksteelArmour","RelativeCFrame":[27.101593017578126,25.515625,7.65631103515625,-0.9569024443626404,-0.29040947556495669,-0.000004004894435638562,0.28900960087776186,-0.9522910714149475,0.0980580523610115,-0.028480762615799905,0.09383083879947663,0.9951807260513306]},{"TranslationKey":"props.blacksteelArmour","PropName":"BlacksteelArmour","RelativeCFrame":[19.734344482421876,29.03125,5.828125,-0.0001448082912247628,-0.09791376441717148,-0.9951947927474976,0.09803524613380432,-0.9904025197029114,0.09742797911167145,-0.995182991027832,-0.09755007922649384,0.009742452763020993]},{"TranslationKey":"props.blacksteelArmour","PropName":"BlacksteelArmour","RelativeCFrame":[25.25,26.929702758789064,20.50006103515625,-1.757163858862043e-11,8.362743386669536e-9,-0.9999998807907105,-1.0000001192092896,-4.535888609158434e-10,-1.757163858862043e-11,4.535888609158434e-10,1,-8.362743386669536e-9]},{"TranslationKey":"props.blacksteelArmour","PropName":"BlacksteelArmour","RelativeCFrame":[29.851531982421876,26.328125,0,-0.0000810551064205356,-0.9999999403953552,-0.00009158231841865927,0.00009158188186120242,0.00009161209891317412,-1.0000001192092896,1,-0.00008109392365440726,0.00009161308116745204]},{"TranslationKey":"props.blacksteelArmour","PropName":"BlacksteelArmour","RelativeCFrame":[25.453125,21.53125,0,8.362743386669536e-9,-1.757163858862043e-11,0.9999998807907105,-4.535888609158434e-10,-1.0000001192092896,1.757163858862043e-11,1,4.535888609158434e-10,8.362743386669536e-9]},{"TranslationKey":"props.blacksteelArmour","PropName":"BlacksteelArmour","RelativeCFrame":[24.703125,25.046875,-15.25,0.00021970769739709795,-0.09789589047431946,-0.9951965808868408,-0.09801740944385529,0.9904024004936218,-0.09744593501091004,0.9951847791671753,0.09756800532341004,-0.009377963840961457]},{"TranslationKey":"props.blacksteelArmour","PropName":"BlacksteelArmour","RelativeCFrame":[-15.15625,26.328109741210939,0,-0.00008103583240881562,0.9999999403953552,0.0000915826385607943,-0.00009158199827652425,0.00009161236084764823,-1,-1,-0.00008107720350380987,0.00009161267371382564]},{"TranslationKey":"props.blacksteelArmour","PropName":"BlacksteelArmour","RelativeCFrame":[19.953155517578126,20.734390258789064,-0.39837646484375,8.362743386669536e-9,1.757163858862043e-11,-0.9999998807907105,-4.535888609158434e-10,1.0000001192092896,-1.757163858862043e-11,1,-4.535888609158434e-10,-8.362743386669536e-9]},{"TranslationKey":"props.blacksteelArmour","PropName":"BlacksteelArmour","RelativeCFrame":[24.710968017578126,27.609375,15.24224853515625,-0.00021966129133943468,0.09789589047431946,-0.995196521282196,-0.09801740944385529,0.9904024600982666,0.09744593501091004,0.9951847791671753,0.09756799787282944,0.009377795271575451]},{"TranslationKey":"props.blacksteelArmour","PropName":"BlacksteelArmour","RelativeCFrame":[25.453125,31.125,0.00006103515625,8.362743386669536e-9,1.757163858862043e-11,-0.9999998807907105,-4.535888609158434e-10,1.0000001192092896,-1.757163858862043e-11,1,-4.535888609158434e-10,-8.362743386669536e-9]},{"TranslationKey":"props.blacksteelArmour","PropName":"BlacksteelArmour","RelativeCFrame":[27.1953125,28.1015625,-7.7578125,0.9952071309089661,0.09778789430856705,0.0003174136218149215,-0.09734773635864258,0.9904093146324158,0.09804566949605942,0.009273367933928967,-0.09760665148496628,0.9951818585395813]},{"TranslationKey":"props.blacksteelArmour","PropName":"BlacksteelArmour","RelativeCFrame":[25.25,26.9296875,-20.5,-1.757163858862043e-11,8.362743386669536e-9,-0.9999998807907105,-1.0000001192092896,-4.535888609158434e-10,-1.757163858862043e-11,4.535888609158434e-10,1,-8.362743386669536e-9]},{"TranslationKey":"props.blacksteelArmour","PropName":"BlacksteelArmour","RelativeCFrame":[-7.554656982421875,26.328125,0.00006103515625,0.00035049987491220236,-0.9999998211860657,0.00008112213254207745,-0.00017791947175282985,0.00008106209861580282,1,-1,-0.0003505390486679971,-0.00017786063835956156]},{"TranslationKey":"props.blacksteelArmour","PropName":"BlacksteelArmour","RelativeCFrame":[-8.953094482421875,26.328125,0,0.00008110694761853665,-0.9999999403953552,0.0000915826385607943,0.00009158207103610039,-0.00009155275620287284,-1,1,0.00008107720350380987,0.00009161267371382564]},{"TranslationKey":"props.blacksteelArmour","PropName":"BlacksteelArmour","RelativeCFrame":[-9.1484375,31.125,0,-8.362743386669536e-9,-1.757163858862043e-11,-0.9999998807907105,4.535888609158434e-10,-1.0000001192092896,-1.757163858862043e-11,-1,4.535888609158434e-10,-8.362743386669536e-9]},{"TranslationKey":"props.blacksteelArmour","PropName":"BlacksteelArmour","RelativeCFrame":[24.703125,27.609375,-15.25,0.0002197426074417308,0.09789589047431946,-0.995196521282196,0.09801740944385529,0.9904025197029114,0.09744592756032944,0.9951847195625305,-0.09756800532341004,-0.009377987124025822]},{"TranslationKey":"props.blacksteelArmour","PropName":"BlacksteelArmour","RelativeCFrame":[27.1015625,27.140625,7.65631103515625,0.9569023847579956,0.29040950536727908,0.0000040011386772675909,0.28900960087776186,-0.9522911310195923,0.0980580598115921,0.028480833396315576,-0.09383082389831543,-0.9951807856559753]},{"TranslationKey":"props.blacksteelArmour","PropName":"BlacksteelArmour","RelativeCFrame":[19.953125,20.734375,0.39849853515625,8.362743386669536e-9,1.757163858862043e-11,-0.9999998807907105,-4.535888609158434e-10,1.0000001192092896,-1.757163858862043e-11,1,-4.535888609158434e-10,-8.362743386669536e-9]},{"TranslationKey":"props.blacksteelArmour","PropName":"BlacksteelArmour","RelativeCFrame":[27.1015625,25.515640258789064,-7.66400146484375,-0.9568987488746643,-0.2904217839241028,0.00027255251188762486,0.288998007774353,-0.9522995352745056,-0.09801086038351059,0.02872402034699917,-0.09370770305395127,0.9951853156089783]},{"TranslationKey":"props.blacksteelArmour","PropName":"BlacksteelArmour","RelativeCFrame":[27.1953125,24.5546875,-7.7578125,0.9952071905136108,-0.09778790920972824,0.0003174403973389417,0.09734773635864258,0.990409255027771,-0.09804567694664002,0.009273345582187176,0.09760665148496628,0.9951818585395813]},{"TranslationKey":"props.blacksteelArmour","PropName":"BlacksteelArmour","RelativeCFrame":[19.953125,31.921875,0.39849853515625,8.362743386669536e-9,1.757163858862043e-11,-0.9999998807907105,-4.535888609158434e-10,1.0000001192092896,-1.757163858862043e-11,1,-4.535888609158434e-10,-8.362743386669536e-9]},{"TranslationKey":"props.blacksteelArmour","PropName":"BlacksteelArmour","RelativeCFrame":[-11.656280517578125,26.328125,2.296875,-0.9999998807907105,8.362743386669536e-9,1.757163858862043e-11,-1.757163858862043e-11,-4.535888609158434e-10,1.0000001192092896,-8.362743386669536e-9,1,-4.535888609158434e-10]},{"TranslationKey":"props.blacksteelArmour","PropName":"BlacksteelArmour","RelativeCFrame":[-11.65625,26.328125,-2.296875,0.9999998807907105,8.362743386669536e-9,-1.757163858862043e-11,1.757163858862043e-11,-4.535888609158434e-10,-1.0000001192092896,8.362743386669536e-9,1,4.535888609158434e-10]},{"TranslationKey":"props.blacksteelArmour","PropName":"BlacksteelArmour","RelativeCFrame":[-14.3515625,26.328125,0,0.00008110694761853665,-0.9999999403953552,0.0000915826385607943,0.00009158207103610039,-0.00009155275620287284,-1,1,0.00008107720350380987,0.00009161267371382564]},{"TranslationKey":"props.blacksteelArmour","PropName":"BlacksteelArmour","RelativeCFrame":[-9.156219482421875,21.53125,0.00006103515625,8.362743386669536e-9,1.757163858862043e-11,-0.9999998807907105,-4.535888609158434e-10,1.0000001192092896,-1.757163858862043e-11,1,-4.535888609158434e-10,-8.362743386669536e-9]},{"TranslationKey":"props.flowerPowerArmour","PropName":"FlowerPowerArmour","RelativeCFrame":[5.4609375,24.828109741210939,19.8671875,-0.00004518018977250904,-0.2901889383792877,0.9569693207740784,1.0000001192092896,-0.000045180808228906247,0.000033527252526255327,0.000033526903280289847,0.9569693803787231,0.2901889383792877]},{"TranslationKey":"props.flowerPowerArmour","PropName":"FlowerPowerArmour","RelativeCFrame":[5.34375,27.828125,-20.25,0.000045180157030699778,-0.29018890857696535,0.9569693207740784,-1.0000001192092896,-0.000045179356675362217,0.000033527852792758497,0.00003352808198542334,-0.9569694399833679,-0.2901889979839325]},{"TranslationKey":"props.flowerPowerArmour","PropName":"FlowerPowerArmour","RelativeCFrame":[-11.65625,28.328125,5.39849853515625,-0.00002874841447919607,0.3826645016670227,-0.9238873720169067,-0.000005706859155907296,-0.9238876104354858,-0.3826645612716675,-1,-0.000005693654657079605,0.00002863741246983409]},{"TranslationKey":"props.flowerPowerArmour","PropName":"FlowerPowerArmour","RelativeCFrame":[5.460968017578125,27.828140258789064,19.859375,-0.00004518018977250904,-0.2901889383792877,0.9569693207740784,1.0000001192092896,-0.000045180808228906247,0.000033527252526255327,0.000033526903280289847,0.9569693803787231,0.2901889383792877]},{"TranslationKey":"props.flowerPowerArmour","PropName":"FlowerPowerArmour","RelativeCFrame":[-11.65625,28.328125,-5.3984375,-0.000028731688871630469,-0.3826644718647003,-0.9238873720169067,-0.000005707766376872314,0.9238874912261963,-0.3826645612716675,1,-0.00000571930650039576,-0.00002874827077903319]},{"TranslationKey":"props.flowerPowerArmour","PropName":"FlowerPowerArmour","RelativeCFrame":[14.4765625,24.828125,-20.75775146484375,-0.00017666805069893599,0.09820573031902313,-0.9951662421226502,1.0000003576278687,0.00001227896791533567,-0.00017613171075936407,-0.00000485839609609684,-0.9951664209365845,-0.0982058197259903]},{"TranslationKey":"props.flowerPowerArmour","PropName":"FlowerPowerArmour","RelativeCFrame":[-9.90625,27.9609375,10.3984375,-0.000028731688871630469,0.3826644718647003,0.9238873720169067,-0.000005707766376872314,-0.9238876104354858,0.3826645612716675,1,0.00000571930650039576,0.000028718468456645497]},{"TranslationKey":"props.flowerPowerArmour","PropName":"FlowerPowerArmour","RelativeCFrame":[-4.109375,24.828125,16.96099853515625,0.00004518018977250904,-0.2901889383792877,-0.9569693207740784,-1.0000001192092896,-0.000045180808228906247,-0.00003352755811647512,-0.000033526903280289847,0.9569693803787231,-0.2901890277862549]},{"TranslationKey":"props.flowerPowerArmour","PropName":"FlowerPowerArmour","RelativeCFrame":[-4.109375,27.828109741210939,16.96099853515625,0.00004518018977250904,-0.2901889383792877,-0.9569693207740784,-1.0000001192092896,-0.000045180808228906247,-0.00003352755811647512,-0.000033526903280289847,0.9569693803787231,-0.2901890277862549]},{"TranslationKey":"props.flowerPowerArmour","PropName":"FlowerPowerArmour","RelativeCFrame":[-3.5859375,27.828140258789064,15.2421875,-0.0000451802225143183,0.29018890857696535,0.9569693207740784,-1,-0.00004517996057984419,-0.000033527951018186289,0.00003352804560563527,-0.9569694399833679,0.2901889383792877]},{"TranslationKey":"props.flowerPowerArmour","PropName":"FlowerPowerArmour","RelativeCFrame":[-11.5,24.695327758789064,5.3984375,0.00002869559648388531,-0.3826644718647003,0.9238873720169067,-0.000005707345735572744,-0.9238875508308411,-0.3826645612716675,1,0.000005707604032068048,-0.00002874684832931962]},{"TranslationKey":"props.flowerPowerArmour","PropName":"FlowerPowerArmour","RelativeCFrame":[-4.109344482421875,24.828140258789064,-16.9609375,0.000045180157030699778,-0.29018890857696535,0.9569693207740784,-1.0000001192092896,-0.000045179356675362217,0.000033527852792758497,0.00003352808198542334,-0.9569694399833679,-0.2901889979839325]},{"TranslationKey":"props.flowerPowerArmour","PropName":"FlowerPowerArmour","RelativeCFrame":[-11.5,24.6953125,-5.39837646484375,-0.000028749982448061929,-0.3826644718647003,0.9238874316215515,0.000005706830052076839,-0.9238875508308411,-0.3826645314693451,1,-0.000005720258286601165,0.000028609032597159968]},{"TranslationKey":"props.flowerPowerArmour","PropName":"FlowerPowerArmour","RelativeCFrame":[-3.703125,27.828109741210939,-15.625,0.000045180157030699778,-0.29018890857696535,0.9569693207740784,-1.0000001192092896,-0.000045179356675362217,0.000033527852792758497,0.00003352808198542334,-0.9569694399833679,-0.2901889979839325]},{"TranslationKey":"props.flowerPowerArmour","PropName":"FlowerPowerArmour","RelativeCFrame":[-1.3671875,30.375015258789064,-7.90625,-0.2886858880519867,-0.02853287197649479,0.9569985866546631,-0.09818632155656815,0.9951680898666382,0.000052240076911402869,-0.9523758888244629,-0.093949094414711,-0.29009249806404116]},{"TranslationKey":"props.flowerPowerArmour","PropName":"FlowerPowerArmour","RelativeCFrame":[-11.5,27.9609375,5.3984375,0.00002864749876607675,0.3826645016670227,0.9238874316215515,0.000005706785032089101,-0.9238876104354858,0.3826645612716675,1,-0.000005693654657079605,-0.00002869701711460948]},{"TranslationKey":"props.flowerPowerArmour","PropName":"FlowerPowerArmour","RelativeCFrame":[-2.804718017578125,22.53125,-12.65625,-0.29016074538230898,0.00010514045425225049,-0.9569780826568604,-0.0003108463133685291,-1.0000004768371583,-0.000015617064491380007,-0.9569782018661499,0.00029294201522134244,0.2901603877544403]},{"TranslationKey":"props.flowerPowerArmour","PropName":"FlowerPowerArmour","RelativeCFrame":[14.3984375,24.828125,19.96099853515625,0.0001765487395459786,0.09820575267076493,0.9951661229133606,1.0000001192092896,-0.000012636428436962888,-0.00017616144032217562,-0.000004799143425771035,0.9951662421226502,-0.0982057973742485]},{"TranslationKey":"props.flowerPowerArmour","PropName":"FlowerPowerArmour","RelativeCFrame":[5.171905517578125,24.828109741210939,-20.82025146484375,0.000045180157030699778,-0.29018890857696535,0.9569693207740784,-1.0000001192092896,-0.000045179356675362217,0.000033527852792758497,0.00003352808198542334,-0.9569694399833679,-0.2901889979839325]},{"TranslationKey":"props.flowerPowerArmour","PropName":"FlowerPowerArmour","RelativeCFrame":[-9.90625,24.6953125,10.3984375,0.00002869559648388531,-0.3826644718647003,0.9238873720169067,-0.000005707345735572744,-0.9238875508308411,-0.3826645612716675,1,0.000005707604032068048,-0.00002874684832931962]},{"TranslationKey":"props.flowerPowerArmour","PropName":"FlowerPowerArmour","RelativeCFrame":[5.171875,24.828125,20.8203125,-0.0000451802225143183,0.29018890857696535,0.9569693207740784,-1,-0.00004517996057984419,-0.000033527951018186289,0.00003352804560563527,-0.9569694399833679,0.2901889383792877]},{"TranslationKey":"props.flowerPowerArmour","PropName":"FlowerPowerArmour","RelativeCFrame":[5.343719482421875,24.828125,20.25,-0.0000451802225143183,0.29018890857696535,0.9569693207740784,-1,-0.00004517996057984419,-0.000033527951018186289,0.00003352804560563527,-0.9569694399833679,0.2901889383792877]},{"TranslationKey":"props.flowerPowerArmour","PropName":"FlowerPowerArmour","RelativeCFrame":[-3.5859375,24.828125,15.2421875,-0.0000451802225143183,0.29018890857696535,0.9569693207740784,-1,-0.00004517996057984419,-0.000033527951018186289,0.00003352804560563527,-0.9569694399833679,0.2901889383792877]},{"TranslationKey":"props.flowerPowerArmour","PropName":"FlowerPowerArmour","RelativeCFrame":[-10.0546875,28.328125,-10.3984375,-0.00002874841447919607,-0.3826645016670227,0.9238874316215515,-0.000005706859155907296,0.9238874912261963,0.3826645612716675,-1,0.000005693654657079605,-0.00002869701711460948]},{"TranslationKey":"props.flowerPowerArmour","PropName":"FlowerPowerArmour","RelativeCFrame":[-2.804656982421875,22.53125,12.65631103515625,0.29016029834747317,-0.00010514069435885176,-0.9569780826568604,-0.00031084613874554634,-1.0000005960464478,0.00001561733915877994,-0.9569782018661499,0.0002929422480519861,-0.29016077518463137]},{"TranslationKey":"props.flowerPowerArmour","PropName":"FlowerPowerArmour","RelativeCFrame":[-9.90625,27.9609375,-10.3984375,-0.000028731688871630469,0.3826644718647003,0.9238873720169067,-0.000005707766376872314,-0.9238876104354858,0.3826645612716675,1,0.00000571930650039576,0.000028718468456645497]},{"TranslationKey":"props.flowerPowerArmour","PropName":"FlowerPowerArmour","RelativeCFrame":[-11.65625,24.328125,5.39849853515625,-0.000028766708055627533,-0.3826644718647003,-0.9238873720169067,0.000005707737273041857,-0.9238875508308411,0.3826645612716675,-1,0.000005707604032068048,0.000028717046006931925]},{"TranslationKey":"props.flowerPowerArmour","PropName":"FlowerPowerArmour","RelativeCFrame":[-10.0546875,24.328140258789064,10.39849853515625,-0.000028766708055627533,-0.3826644718647003,-0.9238873720169067,0.000005707737273041857,-0.9238875508308411,0.3826645612716675,-1,0.000005707604032068048,0.000028717046006931925]},{"TranslationKey":"props.flowerPowerArmour","PropName":"FlowerPowerArmour","RelativeCFrame":[-3.703094482421875,27.828125,15.62506103515625,-0.0000451802225143183,0.29018890857696535,0.9569693207740784,-1,-0.00004517996057984419,-0.000033527951018186289,0.00003352804560563527,-0.9569694399833679,0.2901889383792877]},{"TranslationKey":"props.flowerPowerArmour","PropName":"FlowerPowerArmour","RelativeCFrame":[14.4765625,27.828125,-20.75775146484375,-0.00017666805069893599,0.09820573031902313,-0.9951662421226502,1.0000003576278687,0.00001227896791533567,-0.00017613171075936407,-0.00000485839609609684,-0.9951664209365845,-0.0982058197259903]},{"TranslationKey":"props.flowerPowerArmour","PropName":"FlowerPowerArmour","RelativeCFrame":[14.3984375,27.828125,-19.9609375,-0.00017654927796684206,-0.09820569306612015,0.9951661229133606,1.0000001192092896,-0.000012636744031624403,0.00017616129480302334,-0.0000047985736273403749,0.9951661825180054,0.09820569306612015]},{"TranslationKey":"props.flowerPowerArmour","PropName":"FlowerPowerArmour","RelativeCFrame":[14.3984375,27.828125,19.96099853515625,0.0001765487395459786,0.09820575267076493,0.9951661229133606,1.0000001192092896,-0.000012636428436962888,-0.00017616144032217562,-0.000004799143425771035,0.9951662421226502,-0.0982057973742485]},{"TranslationKey":"props.flowerPowerArmour","PropName":"FlowerPowerArmour","RelativeCFrame":[5.4609375,24.828140258789064,-19.859375,-0.00004518018977250904,0.29018890857696535,-0.9569693207740784,-1,-0.00004518141213338822,0.00003352743078721687,-0.00003352694329805672,0.9569693803787231,0.2901889979839325]},{"TranslationKey":"props.flowerPowerArmour","PropName":"FlowerPowerArmour","RelativeCFrame":[5.34375,27.828125,20.2421875,-0.0000451802225143183,0.29018890857696535,0.9569693207740784,-1,-0.00004517996057984419,-0.000033527951018186289,0.00003352804560563527,-0.9569694399833679,0.2901889383792877]},{"TranslationKey":"props.flowerPowerArmour","PropName":"FlowerPowerArmour","RelativeCFrame":[-10.0546875,28.328125,10.3984375,-0.000028731688871630469,0.3826644718647003,0.9238873720169067,-0.000005707766376872314,-0.9238876104354858,0.3826645612716675,1,0.00000571930650039576,0.000028718468456645497]},{"TranslationKey":"props.flowerPowerArmour","PropName":"FlowerPowerArmour","RelativeCFrame":[-1.3671875,22.28125,7.90625,0.2886858582496643,0.02853287383913994,0.9569984674453735,-0.09818632155656815,0.9951680898666382,-0.000052239567594369876,-0.9523759484291077,-0.093949094414711,0.2900925576686859]},{"TranslationKey":"props.flowerPowerArmour","PropName":"FlowerPowerArmour","RelativeCFrame":[-10.054718017578125,24.328125,-10.3984375,-0.000028749982448061929,0.3826644718647003,-0.9238873720169067,0.000005706830052076839,0.9238874316215515,0.3826645314693451,1,0.000005720258286601165,-0.000028668637241935359]},{"TranslationKey":"props.flowerPowerArmour","PropName":"FlowerPowerArmour","RelativeCFrame":[14.3984375,24.828125,-19.9609375,-0.00017654927796684206,-0.09820569306612015,0.9951661229133606,1.0000001192092896,-0.000012636744031624403,0.00017616129480302334,-0.0000047985736273403749,0.9951661825180054,0.09820569306612015]},{"TranslationKey":"props.flowerPowerArmour","PropName":"FlowerPowerArmour","RelativeCFrame":[14.4765625,24.828125,20.7578125,0.0001765487395459786,-0.09820575267076493,-0.9951661229133606,1.0000001192092896,0.000012517219147412107,0.00017616129480302334,-0.000004799143425771035,-0.9951662421226502,0.09820564836263657]},{"TranslationKey":"props.flowerPowerArmour","PropName":"FlowerPowerArmour","RelativeCFrame":[-9.90625,24.695327758789064,-10.3984375,-0.000028749982448061929,-0.3826644718647003,0.9238874316215515,0.000005706830052076839,-0.9238875508308411,-0.3826645314693451,1,-0.000005720258286601165,0.000028609032597159968]},{"TranslationKey":"props.flowerPowerArmour","PropName":"FlowerPowerArmour","RelativeCFrame":[5.34375,24.828125,-20.2421875,0.000045180157030699778,-0.29018890857696535,0.9569693207740784,-1.0000001192092896,-0.000045179356675362217,0.000033527852792758497,0.00003352808198542334,-0.9569694399833679,-0.2901889979839325]},{"TranslationKey":"props.flowerPowerArmour","PropName":"FlowerPowerArmour","RelativeCFrame":[-3.703125,24.828125,15.62506103515625,-0.0000451802225143183,0.29018890857696535,0.9569693207740784,-1,-0.00004517996057984419,-0.000033527951018186289,0.00003352804560563527,-0.9569694399833679,0.2901889383792877]},{"TranslationKey":"props.flowerPowerArmour","PropName":"FlowerPowerArmour","RelativeCFrame":[5.4609375,27.828125,-19.8671875,0.000045180157030699778,-0.29018890857696535,0.9569693207740784,-1.0000001192092896,-0.000045179356675362217,0.000033527852792758497,0.00003352808198542334,-0.9569694399833679,-0.2901889979839325]},{"TranslationKey":"props.flowerPowerArmour","PropName":"FlowerPowerArmour","RelativeCFrame":[-3.5859375,24.828125,-15.24212646484375,0.00004518018977250904,0.29018890857696535,0.9569693207740784,1,-0.00004518141213338822,-0.000033527350751683119,0.00003352694329805672,0.9569693803787231,-0.2901889979839325]},{"TranslationKey":"props.flowerPowerArmour","PropName":"FlowerPowerArmour","RelativeCFrame":[14.4765625,27.828125,20.7578125,0.0001765487395459786,-0.09820575267076493,-0.9951661229133606,1.0000001192092896,0.000012517219147412107,0.00017616129480302334,-0.000004799143425771035,-0.9951662421226502,0.09820564836263657]},{"TranslationKey":"props.flowerPowerArmour","PropName":"FlowerPowerArmour","RelativeCFrame":[-11.500030517578125,27.960952758789064,-5.3984375,0.00002864749876607675,0.3826645016670227,0.9238874316215515,0.000005706785032089101,-0.9238876104354858,0.3826645612716675,1,-0.000005693654657079605,-0.00002869701711460948]},{"TranslationKey":"props.flowerPowerArmour","PropName":"FlowerPowerArmour","RelativeCFrame":[-2.804718017578125,30.125,12.65625,0.29016029834747317,-0.00010514069435885176,-0.9569780826568604,-0.00031084613874554634,-1.0000005960464478,0.00001561733915877994,-0.9569782018661499,0.0002929422480519861,-0.29016077518463137]},{"TranslationKey":"props.flowerPowerArmour","PropName":"FlowerPowerArmour","RelativeCFrame":[-1.3515625,30.9296875,7.86724853515625,0.29016029834747317,-0.00010514069435885176,-0.9569780826568604,-0.00031084613874554634,-1.0000005960464478,0.00001561733915877994,-0.9569782018661499,0.0002929422480519861,-0.29016077518463137]},{"TranslationKey":"props.flowerPowerArmour","PropName":"FlowerPowerArmour","RelativeCFrame":[-1.351531982421875,21.7265625,7.87506103515625,0.29016029834747317,-0.00010514069435885176,-0.9569780826568604,-0.00031084613874554634,-1.0000005960464478,0.00001561733915877994,-0.9569782018661499,0.0002929422480519861,-0.29016077518463137]},{"TranslationKey":"props.flowerPowerArmour","PropName":"FlowerPowerArmour","RelativeCFrame":[-1.3671875,22.281265258789064,-7.90625,-0.2887064218521118,0.02842862345278263,0.95699542760849,0.09787660092115402,0.9951986074447632,-0.000036075736716156828,-0.9524016380310059,0.09365706145763397,-0.2901027500629425]},{"TranslationKey":"props.flowerPowerArmour","PropName":"FlowerPowerArmour","RelativeCFrame":[-11.656219482421875,24.328125,-5.39837646484375,-0.000028749982448061929,0.3826644718647003,-0.9238873720169067,0.000005706830052076839,0.9238874316215515,0.3826645314693451,1,0.000005720258286601165,-0.000028668637241935359]},{"TranslationKey":"props.flowerPowerArmour","PropName":"FlowerPowerArmour","RelativeCFrame":[-3.703125,24.828109741210939,-15.625,0.000045180157030699778,-0.29018890857696535,0.9569693207740784,-1.0000001192092896,-0.000045179356675362217,0.000033527852792758497,0.00003352808198542334,-0.9569694399833679,-0.2901889979839325]},{"TranslationKey":"props.flowerPowerArmour","PropName":"FlowerPowerArmour","RelativeCFrame":[-4.109375,27.828125,-16.9609375,0.000045180157030699778,-0.29018890857696535,0.9569693207740784,-1.0000001192092896,-0.000045179356675362217,0.000033527852792758497,0.00003352808198542334,-0.9569694399833679,-0.2901889979839325]},{"TranslationKey":"props.flowerPowerArmour","PropName":"FlowerPowerArmour","RelativeCFrame":[-2.8046875,30.125015258789064,-12.65625,-0.29016074538230898,0.00010514045425225049,-0.9569780826568604,-0.0003108463133685291,-1.0000004768371583,-0.000015617064491380007,-0.9569782018661499,0.00029294201522134244,0.2901603877544403]},{"TranslationKey":"props.flowerPowerArmour","PropName":"FlowerPowerArmour","RelativeCFrame":[-1.3515625,30.9296875,-7.875,-0.29016074538230898,0.00010514045425225049,-0.9569780826568604,-0.0003108463133685291,-1.0000004768371583,-0.000015617064491380007,-0.9569782018661499,0.00029294201522134244,0.2901603877544403]},{"TranslationKey":"props.flowerPowerArmour","PropName":"FlowerPowerArmour","RelativeCFrame":[5.171875,27.828125,-20.8203125,0.000045180157030699778,-0.29018890857696535,0.9569693207740784,-1.0000001192092896,-0.000045179356675362217,0.000033527852792758497,0.00003352808198542334,-0.9569694399833679,-0.2901889979839325]},{"TranslationKey":"props.flowerPowerArmour","PropName":"FlowerPowerArmour","RelativeCFrame":[5.171875,27.828125,20.82037353515625,-0.0000451802225143183,0.29018890857696535,0.9569693207740784,-1,-0.00004517996057984419,-0.000033527951018186289,0.00003352804560563527,-0.9569694399833679,0.2901889383792877]},{"TranslationKey":"props.flowerPowerArmour","PropName":"FlowerPowerArmour","RelativeCFrame":[-1.3671875,30.375,7.90625,0.2887062728404999,-0.02842862345278263,0.9569954872131348,0.09787660837173462,0.9951986074447632,0.00003607525286497548,-0.9524015784263611,0.09365705400705338,0.29010266065597536]},{"TranslationKey":"props.flowerPowerArmour","PropName":"FlowerPowerArmour","RelativeCFrame":[-1.351593017578125,21.726577758789064,-7.8671875,-0.29016074538230898,0.00010514045425225049,-0.9569780826568604,-0.0003108463133685291,-1.0000004768371583,-0.000015617064491380007,-0.9569782018661499,0.00029294201522134244,0.2901603877544403]},{"TranslationKey":"props.flowerPowerArmour","PropName":"FlowerPowerArmour","RelativeCFrame":[-3.5859375,27.828125,-15.24212646484375,0.00004518018977250904,0.29018890857696535,0.9569693207740784,1,-0.00004518141213338822,-0.000033527350751683119,0.00003352694329805672,0.9569693803787231,-0.2901889979839325]},{"TranslationKey":"props.ironWeight","PropName":"Iron Weight","RelativeCFrame":[3.546844482421875,26.328125,0,0.7071341872215271,-0.00014581675350200385,-0.7070792317390442,0.00001368639186694054,1.0000001192092896,-0.00019253655045758933,0.707079291343689,0.00012647060793824494,0.7071343064308167]},{"TranslationKey":"props.pumpkinBalloon","PropName":"JackOLanternBalloon","RelativeCFrame":[4.257843017578125,26.328125,-5.21087646484375,0.7071069478988648,0.7071064710617065,-0.0000993611611193046,0.000013410520296019968,0.00012707746645901352,0.9999999403953552,0.7071065902709961,-0.7071070075035095,0.00008040665125008672]},{"TranslationKey":"props.pumpkinBalloon","PropName":"JackOLanternBalloon","RelativeCFrame":[2.8359375,26.328140258789064,-0.703125,0.7070603370666504,-0.7071531414985657,0.0000332890085701365,0.00003328956154291518,0.00008040739339776337,1,-0.7071532607078552,-0.7070602774620056,0.00008040596003411338]},{"TranslationKey":"props.pumpkinBalloon","PropName":"JackOLanternBalloon","RelativeCFrame":[2.843780517578125,26.328125,0.7109375,-0.7070603370666504,-0.7071531414985657,-0.000013381126336753369,0.000013381215467234142,-0.00003230595757486299,1.0000001192092896,-0.7071532607078552,0.7070603370666504,0.0000323051935993135]},{"TranslationKey":"props.pumpkinBalloon","PropName":"JackOLanternBalloon","RelativeCFrame":[4.257843017578125,26.328125,5.20318603515625,-0.7070602774620056,0.7071531414985657,-0.000013381471944740042,0.00001338089623459382,0.00003230510628782213,1,0.7071532607078552,0.7070603370666504,-0.00003230587753932923]},{"TranslationKey":"props.lowDensityMagicStrip","PropName":"Low Density Magic Strip","RelativeCFrame":[22.968780517578126,29.0234375,-10.5625,0.09799109399318695,0.00021214950538706034,0.9951872825622559,0.9903958439826965,0.09799112379550934,-0.09754026681184769,-0.09754025936126709,0.9951873421669006,0.009392122738063336]},{"TranslationKey":"props.lowDensityMagicStrip","PropName":"Low Density Magic Strip","RelativeCFrame":[22.968780517578126,29.0234375,10.56256103515625,0.0980071946978569,0.00013150642917025834,0.9951854944229126,0.9903957843780518,-0.0980